2 0.416158 0.523822 0.0222433 0.0158192 0.0118572 0.00256472 0.0073408 0.000194865 0 0 
3 0.561206 0.175509 0.0135185 0.00345054 0.236002 0.00106034 0.00829714 0.000464251 0.000260852 0.000231852 
4 0.327947 0.433613 0.133464 0.0458264 0.0265675 0.015844 0.00773771 0.00494871 0.00255385 0.00149767 
5 0.671365 0.312699 0.00938742 0.00237265 0.00240011 0.000733914 0.000378127 0.000321981 0.000180914 0.000160801 
6 0.355239 0.454017 0.111147 0.0347475 0.0201446 0.0120136 0.00586705 0.00375232 0.00193643 0.0011356 
7 0.695123 0.276819 0.0106569 0.00630448 0.00637745 0.00195011 0.00100474 0.000855549 0.000480713 0.00042727 
8 0.816541 0.169018 0.00548535 0.00324495 0.00328251 0.00100374 0.000517145 0.000440356 0.000247426 0.000219918 
9 0.135039 0.359915 0.264805 0.11362 0.0664214 0.0310554 0.0129718 0.010183 0.00300954 0.00297981 
10 0.391125 0.404435 0.101398 0.0395257 0.0353331 0.0137464 0.00667377 0.00426826 0.00220269 0.00129174 
11 0.706947 0.248144 0.0113028 0.00668657 0.00676396 0.0020683 0.00106645 0.0160577 0.000510258 0.000453165 
12 0.301676 0.490823 0.109619 0.04273 0.0247724 0.0147734 0.00721489 0.00461434 0.00238129 0.00139648 
13 0.713477 0.258861 0.0105068 0.00621568 0.00628762 0.00192265 0.000990587 0.000843499 0.000473943 0.000421252 
14 0.702438 0.251961 0.0114767 0.00678967 0.0222524 0.00210012 0.00108203 0.00092136 0.000517691 0.000460137 
15 0.705191 0.272986 0.00828914 0.00490348 0.00496024 0.00151676 0.000781463 0.000665427 0.000373888 0.000332321 
16 0.975678 0.0235305 0.00030071 0.000177877 0.000179936 5.50214e-05 2.83481e-05 2.41388e-05 1.35631e-05 1.20552e-05 
17 0.362176 0.448254 0.100146 0.0390373 0.0226316 0.0134967 0.00659138 0.00421557 0.0021755 0.00127579 
18 0.280936 0.435989 0.187768 0.0416056 0.0241205 0.0143847 0.00702503 0.00449291 0.00231863 0.00135973 
19 0.289249 0.527952 0.0965687 0.0376431 0.0218233 0.0130147 0.00635598 0.00406501 0.0020978 0.00123023 
20 0.312813 0.45057 0.125181 0.0486465 0.0282025 0.016819 0.00821387 0.00525325 0.00271101 0.00158984 
21 0.118814 0.398673 0.245194 0.0970635 0.0677285 0.0402441 0.0143688 0.0112796 0.00333365 0.00330071 
22 0.536891 0.451348 0.00446698 0.0026426 0.00267318 0.000817414 0.000421148 0.000358613 0.000201497 0.000179095 
23 0.130193 0.410058 0.24444 0.0941651 0.0564524 0.0333728 0.0139399 0.0109429 0.00323413 0.00320218 
24 0.303343 0.444839 0.143708 0.0471943 0.0273606 0.0163169 0.00796869 0.00509644 0.00263008 0.00154238 
25 0.256308 0.65014 0.0595452 0.0148452 0.00860639 0.00513256 0.00250658 0.0016031 0.000827303 0.000485161 
26 0.117014 0.392633 0.271782 0.0955919 0.0573077 0.0338784 0.0141511 0.0111087 0.00328314 0.0032507 
27 0.771296 0.218884 0.00372995 0.00220657 0.00223211 0.00068254 0.000351658 0.000299442 0.00016825 0.000149545 
28 0.680836 0.261498 0.0116975 0.0348734 0.00637748 0.00195011 0.00100474 0.000855549 0.000480713 0.00042727 
29 0.707722 0.278982 0.00506601 0.00298185 0.00301636 0.000922352 0.000475214 0.000404651 0.000227365 0.000202087 
30 0.318269 0.423784 0.149837 0.0471943 0.0273606 0.0163169 0.00796869 0.00509644 0.00263008 0.00154238 
31 0.118814 0.398673 0.245212 0.112427 0.0581909 0.0343997 0.0143688 0.0112796 0.00333365 0.00330071 
32 0.436799 0.552056 0.00280634 0.00541846 0.00167828 0.000513188 0.000264405 0.000225144 0.000126504 0.000112439 
33 0.921039 0.077923 0.000275566 0.000490683 0.000156319 4.77968e-05 2.46259e-05 2.09693e-05 1.17822e-05 1.04723e-05 
34 0.312677 0.435706 0.124796 0.064031 0.0282025 0.016819 0.00821387 0.00525325 0.00271101 0.00158984 
35 0.277813 0.704365 0.0112337 0.00496219 0.000935098 0.000285582 0.000147137 0.00012529 7.03974e-05 6.25709e-05 
36 0.342279 0.413282 0.142419 0.0445355 0.0258192 0.0153977 0.00751975 0.00480931 0.00248191 0.00145548 
37 0.306895 0.491064 0.106734 0.0416055 0.0241205 0.0143847 0.00702503 0.00449291 0.00231863 0.00135973 
38 0.700588 0.279371 0.0076121 0.0045032 0.00455532 0.00139294 0.00071767 0.000611106 0.000343367 0.000305193 
39 0.374297 0.387962 0.11112 0.0433172 0.0525072 0.0149758 0.00731372 0.00467755 0.00241391 0.00141561 
40 0.948313 0.0484079 0.00124539 0.000736751 0.000745278 0.000227893 0.000117415 9.99807e-05 5.61769e-05 4.99314e-05 
41 0.495821 0.496918 0.00276676 0.00162846 0.00164731 0.00050372 0.000259527 0.00022099 0.00012417 0.000110365 
42 0.118814 0.414058 0.245194 0.0970625 0.0581894 0.0343997 0.0143688 0.0112796 0.00333365 0.00330071 
43 0.137269 0.408189 0.23098 0.105928 0.0548161 0.0324055 0.0135358 0.0106258 0.00314039 0.00310937 
44 0.296167 0.421137 0.182095 0.0439169 0.0254606 0.0151838 0.0074153 0.00474252 0.00244744 0.00143527 
45 0.30794 0.444256 0.138057 0.0479094 0.0277752 0.0165642 0.00808942 0.00517365 0.00266993 0.00156575 
46 0.312677 0.435706 0.124796 0.064031 0.0282025 0.016819 0.00821387 0.00525325 0.00271101 0.00158984 
47 0.0469862 0.23712 0.323497 0.143766 0.133204 0.0476549 0.017498 0.0371834 0.00653883 0.0065516 
48 0.312677 0.435706 0.140181 0.0486465 0.0282025 0.016819 0.00821387 0.00525325 0.00271101 0.00158984 
49 0.328507 0.413994 0.15548 0.0445355 0.0258192 0.0153977 0.00751975 0.00480931 0.00248191 0.00145548 
50 0.74636 0.24496 0.00331419 0.00194411 0.00196661 0.000601357 0.000309831 0.000263826 0.000148238 0.000131757 
51 0.314423 0.455224 0.128335 0.0445355 0.0258192 0.0153977 0.00751975 0.00480931 0.00248191 0.00145548 
52 0.0539693 0.54584 0.147113 0.108828 0.0977596 0.0199234 0 0.0195292 0.00703794 0 
53 0.0412748 0.700879 0.0626064 0.147293 0.0383577 0 0 0 0 0.0095895 
54 0.130193 0.401698 0.2528 0.0941651 0.0564524 0.0333728 0.0139399 0.0109429 0.00323414 0.00320219 
55 0.312677 0.45109 0.124796 0.0486465 0.0282025 0.016819 0.00821387 0.00525325 0.00271101 0.00158984 
56 0.73402 0.242599 0.00888078 0.00525373 0.00531454 0.0016251 0.000837282 0.000712957 0.000400595 0.000356058 
57 0.355726 0.436772 0.109619 0.04273 0.0247724 0.0147734 0.00721489 0.00461434 0.00238129 0.00139648 
58 0.30102 0.50212 0.103997 0.0405387 0.0235021 0.0140158 0.0068449 0.00437771 0.00225917 0.00132486 
59 0.309044 0.468419 0.117562 0.0458264 0.0265675 0.015844 0.00773771 0.00494871 0.00255385 0.00149767 
60 0.312677 0.435706 0.14017 0.0486578 0.0282025 0.016819 0.00821387 0.00525325 0.00271101 0.00158984 
61 0.668471 0.318325 0.00502951 0.00296184 0.00299612 0.000916161 0.000472025 0.000401936 0.000225839 0.000200731 
62 0.297833 0.518591 0.10219 0.0355283 0.0205973 0.0122835 0.0059989 0.00383664 0.00197995 0.00116112 
63 0.584316 0.298468 0.0619242 0.0241376 0.0139936 0.0083453 0.00407559 0.00260657 0.00134516 0.00078885 
64 0.337191 0.467915 0.108664 0.0376431 0.0218233 0.0130147 0.00635598 0.00406501 0.0020978 0.00123023 
65 0.0279948 0.54044 0.153357 0.127776 0.101949 0.0207772 0 0.0203662 0.00733957 0 
66 0.863219 0.128529 0.0031344 0.00185426 0.00187572 0.000573563 0.000295511 0.000251632 0.000141386 0.000125668 
67 0.0298369 0 0.357957 0.13673 0.304284 0.0814439 0.0599115 0 0 0.0298369 
68 0.366481 0.450549 0.0967396 0.0376431 0.0218233 0.0130147 0.00635598 0.00406501 0.0020978 0.00123023 
69 0.30794 0.459407 0.122906 0.0479094 0.0277751 0.0165642 0.00808942 0.00517365 0.00266993 0.00156575 
70 0.691795 0.278447 0.0113028 0.00668657 0.00676396 0.0020683 0.00106563 0.0009074 0.000509848 0.000453165 
71 0.361438 0.453451 0.0978422 0.0380966 0.0220863 0.0131715 0.00643255 0.00411399 0.00212308 0.00124505 
72 0.837145 0.160321 0.00096282 0.000569437 0.000576028 0.000176139 9.07506e-05 7.72754e-05 4.34193e-05 3.85921e-05 
73 0.118814 0.398673 0.260579 0.0970625 0.0581894 0.0343997 0.0143688 0.0112796 0.00333365 0.00330071 
74 0.757151 0.218697 0.0109126 0.00479689 0.0048524 0.00148378 0.000764475 0.000650961 0.00036576 0.000325097 
75 0.117014 0.407784 0.241479 0.0955919 0.0573077 0.0338785 0.0141511 0.0262598 0.00328354 0.0032507 
76 0.115267 0.386774 0.267724 0.0941901 0.0713528 0.0333728 0.0139399 0.0109429 0.00323414 0.00320219 
77 0.73523 0.249306 0.00587405 0.00347491 0.00351513 0.00107487 0.000553793 0.000471562 0.00026496 0.000235503 
78 0.0313613 0.684904 0.090702 0.102619 0.0366434 0.0134782 0.0313733 0.00539816 0.00352052 0 
79 0.509648 0.478409 0.0013294 0.00132761 0.0066413 0.001318 0 0.0013267 0 0 
80 0.117014 0.407784 0.25663 0.0955919 0.0573077 0.0338784 0.0141511 0.0111087 0.00328314 0.0032507 
81 0.314308 0.455336 0.114252 0.05862 0.0258192 0.0153977 0.00751975 0.00480931 0.00248191 0.00145548 
82 0.352522 0.42494 0.117562 0.0458264 0.0265675 0.015844 0.00773771 0.00494871 0.00255385 0.00149767 
83 0.29282 0.52863 0.0943249 0.0367677 0.0213158 0.012712 0.00620816 0.00397048 0.00204902 0.00120162 
84 0.30794 0.444256 0.138057 0.0479094 0.0277751 0.0165642 0.00808942 0.00517365 0.00266993 0.00156575 
85 0.367514 0.479634 0.0851569 0.0295516 0.0171323 0.0102171 0.00498974 0.00319123 0.00164687 0.000965788 
86 0.158408 0.431276 0.215374 0.0852576 0.0511123 0.0302159 0.0126212 0.00990779 0.0029282 0.00289928 
87 0.35682 0.533852 0.0596694 0.0250724 0.0110431 0.00658575 0.00321628 0.002057 0.00106154 0.000622526 
88 0.418477 0.425474 0.0907941 0.0284867 0.016515 0.00984896 0.00480993 0.00307623 0.00158753 0.000930985 
89 0.404593 0.416848 0.0943343 0.0367677 0.0213158 0.012712 0.00620816 0.00397048 0.00204902 0.00120162 
90 0.423728 0.383823 0.107234 0.0372002 0.0215666 0.0128616 0.0062812 0.00401719 0.00207312 0.00121576 
91 0.30794 0.429104 0.138057 0.0479095 0.0429266 0.0165642 0.00808942 0.00517365 0.00266993 0.00156575 
92 0.3693 0.624534 0.00235891 0.0013791 0.00139507 0.000426588 0.000219787 0.000187151 0.000105156 9.34653e-05 
93 0.729839 0.257886 0.0046632 0.00275821 0.00279013 0.000853175 0.000439573 0.000374303 0.000210312 0.000186931 
94 0.635339 0.262104 0.0900002 0.00454967 0.00460228 0.0014073 0.000725069 0.000617406 0.000346907 0.000308339 
95 0.280749 0.617605 0.061403 0.0175685 0.0101842 0.00607353 0.00296612 0.00189701 0.000978975 0.000574108 
96 0.702343 0.292747 0.00186502 0.00110328 0.00111605 0.00034127 0.000175829 0.000149721 8.41249e-05 7.47723e-05 
97 0.30794 0.444256 0.122906 0.0479094 0.0277752 0.0165642 0.00808945 0.0203249 0.00267012 0.00156575 
98 0.762977 0.214448 0.00857455 0.00507257 0.00513128 0.00156906 0.00080841 0.000688373 0.000386781 0.00034378 
99 0.669108 0.308574 0.00847712 0.00501493 0.00507297 0.00155123 0.000799224 0.00068055 0.000382386 0.000339874 
100 0.0484294 0.198745 0.348355 0.14819 0.137302 0.0491212 0.0180364 0.0383275 0.00674002 0.00675318 
101 0.117014 0.422936 0.241479 0.0955919 0.0573077 0.0338784 0.0141511 0.0111087 0.00328314 0.0032507 
102 0.425798 0.470443 0.0548176 0.021365 0.0123862 0.00738672 0.00360745 0.00230717 0.00119065 0.000698239 
103 0.683232 0.292218 0.00932482 0.00551642 0.00558027 0.00170635 0.000879146 0.000748605 0.000420624 0.000373861 
104 0.333221 0.462567 0.118994 0.0372029 0.0215666 0.0128616 0.0062812 0.00401719 0.00207312 0.00121576 
105 0.620014 0.372865 0.00275576 0.00158177 0.00160008 0.000489276 0.000252085 0.000214654 0.000120609 0.0001072 
106 0.312677 0.435706 0.124797 0.0640308 0.0282025 0.016819 0.00821387 0.00525325 0.00271101 0.00158984 
107 0.312677 0.45109 0.124797 0.0486465 0.0282025 0.016819 0.00821387 0.00525325 0.00271101 0.00158984 
108 0.465888 0.385027 0.0787621 0.0306992 0.0177977 0.0106139 0.00518351 0.00331516 0.00171083 0.00100329 
109 0.312677 0.45109 0.124796 0.0486465 0.0282025 0.016819 0.00821388 0.00525325 0.00271101 0.00158984 
110 0.309591 0.467733 0.1177 0.0458264 0.0265675 0.015844 0.00773771 0.00494871 0.00255385 0.00149767 
111 0.656193 0.325259 0.00705655 0.00416333 0.00421152 0.00128781 0.000663507 0.000564985 0.000317452 0.000282159 
112 0.341866 0.432746 0.118332 0.0540522 0.0238073 0.0141978 0.00693379 0.00443456 0.00228851 0.00134207 
113 0.615465 0.365466 0.00724324 0.0042846 0.00433419 0.00132532 0.000682832 0.000581441 0.000326699 0.000290378 
114 0.320053 0.477906 0.106734 0.0416055 0.0241205 0.0143847 0.00702503 0.00449291 0.00231863 0.00135973 
115 0.323536 0.453926 0.117562 0.0458264 0.0265675 0.015844 0.00773771 0.00494871 0.00255385 0.00149767 
116 0.312677 0.45109 0.124796 0.0486465 0.0282025 0.016819 0.00821388 0.00525325 0.00271101 0.00158984 
117 0.312677 0.451091 0.124796 0.0486465 0.0282025 0.016819 0.00821388 0.00525325 0.00271101 0.00158984 
118 0.603902 0.38751 0.00326976 0.00192713 0.00194944 0.000596105 0.000307125 0.000261521 0.000146943 0.000130607 
119 0.312677 0.435706 0.124796 0.0486535 0.0429986 0.0174005 0.00821388 0.00525325 0.00271101 0.00158984 
120 0.318269 0.4227 0.150922 0.0471943 0.0273606 0.0163169 0.00796869 0.00509644 0.00263008 0.00154238 
121 0.726184 0.248636 0.00956402 0.00565787 0.00572335 0.0017501 0.000901688 0.0007678 0.00043141 0.000383447 
122 0.118814 0.398673 0.245194 0.112447 0.0581894 0.0343997 0.0143688 0.0112796 0.00333365 0.00330071 
123 0.650165 0.331649 0.00690741 0.00408624 0.00413353 0.00126396 0.000651219 0.000554522 0.000311574 0.000276934 
124 0.307906 0.545855 0.077255 0.0301145 0.0174587 0.0104118 0.00508478 0.00325201 0.00167824 0.000984184 
125 0.31098 0.484285 0.108157 0.0421603 0.0244421 0.0145765 0.00711869 0.00455282 0.00234954 0.00137786 
126 0.324988 0.485443 0.100145 0.0390373 0.0226316 0.0134967 0.00659138 0.00421557 0.0021755 0.00127579 
127 0.598808 0.391323 0.00374867 0.00221766 0.00224332 0.00068597 0.000353426 0.000300947 0.000169095 0.000150296 
128 0.311205 0.466162 0.117658 0.0458264 0.0265675 0.015844 0.00773771 0.00494871 0.00255385 0.00149767 
129 0.318269 0.452551 0.121071 0.0471943 0.0273606 0.0163169 0.00796869 0.00509644 0.00263008 0.00154238 
130 0.392489 0.325787 0.0901329 0.146243 0.0203685 0.012147 0.00593224 0.00379401 0.00195795 0.00114821 
131 0.726345 0.248472 0.0095669 0.00565787 0.00572335 0.0017501 0.000901688 0.0007678 0.00043141 0.000383447 
132 0.306894 0.491065 0.106734 0.0416055 0.0241205 0.0143847 0.00702503 0.00449291 0.00231863 0.00135973 
133 0.312677 0.435706 0.124796 0.0486465 0.043587 0.016819 0.00821388 0.00525325 0.00271101 0.00158984 
134 0.312677 0.45109 0.124797 0.0486465 0.0282025 0.016819 0.00821387 0.00525325 0.00271101 0.00158984 
135 0.312677 0.435706 0.124796 0.0486465 0.0435867 0.0168193 0.00821388 0.00525325 0.00271101 0.00158984 
136 0.377576 0.404354 0.108158 0.0554929 0.0244428 0.0145765 0.00711869 0.00455282 0.00234954 0.00137786 
137 0.312677 0.44 0.13587 0.0486627 0.0282025 0.016819 0.00821388 0.00525325 0.00271101 0.00158984 
138 0.312677 0.436094 0.139793 0.0486465 0.0282025 0.016819 0.00821387 0.00525325 0.00271101 0.00158984 
139 0.312677 0.450702 0.125184 0.0486465 0.0282025 0.016819 0.00821387 0.00525325 0.00271101 0.00158984 
140 0.312677 0.435706 0.140181 0.0486465 0.0282025 0.016819 0.00821387 0.00525325 0.00271101 0.00158984 
141 0.304912 0.461443 0.130168 0.0451717 0.026188 0.0156176 0.00762717 0.00487802 0.00251736 0.00147628 
142 0.333579 0.432776 0.130168 0.0451717 0.026188 0.0156176 0.00762717 0.00487802 0.00251736 0.00147628 
143 0.328277 0.431187 0.11931 0.0465003 0.0269582 0.016077 0.0078515 0.0050215 0.0172973 0.0015197 
144 0.312677 0.435706 0.140181 0.0486465 0.0282025 0.016819 0.00821387 0.00525325 0.00271101 0.00158984 
145 0.328294 0.431192 0.133992 0.0465025 0.0269582 0.016077 0.0078515 0.00502149 0.0025914 0.0015197 
146 0.323091 0.429104 0.122906 0.0479094 0.0286462 0.030844 0.00809008 0.00517365 0.00266993 0.00156575 
147 0.312677 0.451091 0.124796 0.0486465 0.0282025 0.016819 0.00821388 0.00525325 0.00271101 0.00158984 
148 0.333034 0.44101 0.130649 0.0416055 0.0241205 0.0143847 0.00702503 0.00449291 0.00231863 0.00135973 
149 0.333203 0.433153 0.115882 0.0452171 0.0404283 0.0156176 0.00762717 0.00487802 0.00251736 0.00147628 
150 0.674619 0.3122 0.00500662 0.00296184 0.00299612 0.000916161 0.000472025 0.000401936 0.000225839 0.000200731 
151 0.537976 0.402922 0.0512439 0.00284718 0.00288014 0.000880697 0.000453753 0.000386377 0.000217096 0.000192961 
152 0.30794 0.444256 0.122906 0.0479098 0.0429263 0.0165642 0.00808942 0.00517365 0.00266993 0.00156575 
153 0.293059 0.52194 0.0977322 0.0380966 0.0220863 0.0131715 0.00643255 0.00411399 0.00212308 0.00124505 
154 0.307943 0.444252 0.122907 0.0630598 0.0277752 0.0165642 0.00808942 0.00517365 0.00266993 0.00156575 
155 0.812605 0.175702 0.00444322 0.00262687 0.00265727 0.000812548 0.000418641 0.000356479 0.000200297 0.000178029 
156 0.460917 0.364303 0.116367 0.0255002 0.0147836 0.00881641 0.00430566 0.00275372 0.00142109 0.000833382 
157 0.312677 0.435706 0.124796 0.0486465 0.0282025 0.016819 0.0082187 0.020633 0.00271101 0.00158984 
158 0.134157 0.398715 0.245194 0.0970625 0.0581894 0.0343997 0.0143688 0.0112796 0.00333365 0.00330071 
159 0.318674 0.43554 0.146551 0.0433263 0.0251118 0.0149758 0.00731372 0.00467755 0.00241391 0.00141561 
160 0.312677 0.435706 0.124796 0.0486884 0.0435452 0.016819 0.00821387 0.00525325 0.00271101 0.00158984 
161 0.722725 0.249217 0.0106569 0.00630448 0.00637745 0.00195011 0.00100474 0.000855549 0.000480713 0.00042727 
162 0.702439 0.267346 0.0114767 0.00678944 0.00686802 0.00210012 0.00108203 0.00092136 0.000517691 0.000460137 
163 0.312677 0.451091 0.124796 0.0486465 0.0282025 0.016819 0.00821388 0.00525325 0.00271101 0.00158984 
164 0.74157 0.235593 0.00867431 0.00513155 0.00519095 0.0015873 0.00081781 0.000696377 0.000391279 0.000347778 
165 0.312677 0.435706 0.124796 0.0486466 0.043587 0.016819 0.00821388 0.00525325 0.00271101 0.00158984 
166 0.347486 0.433155 0.115882 0.0451717 0.026188 0.0156176 0.00762717 0.00487802 0.00251736 0.00147628 
167 0.706947 0.263295 0.0113028 0.00668657 0.00676396 0.0020683 0.00106563 0.0009074 0.000509848 0.000453165 
168 0.294766 0.482532 0.117726 0.0458264 0.0265675 0.015844 0.00773771 0.00494871 0.00255385 0.00149767 
169 0.0484294 0.198745 0.33297 0.163346 0.13753 0.0491212 0.0180364 0.0383275 0.00674002 0.00675318 
170 0.702438 0.251961 0.0114781 0.0221727 0.00686802 0.00210012 0.00108203 0.00092136 0.000517691 0.000460137 
171 0.461455 0.506358 0.00102381 0.0125166 0.0166088 0.00101503 0 0.00102172 0 0 
172 0.702438 0.267346 0.0114767 0.00678944 0.00686802 0.00210012 0.00108203 0.00092136 0.000517691 0.000460137 
173 0.0318438 0.695441 0.0920427 0.0890051 0.0370696 0.0136855 0.0318559 0.00548121 0.00357468 0 
174 0.309694 0.509658 0.0954326 0.0372002 0.0215666 0.0128616 0.0062812 0.00401719 0.00207312 0.00121576 
175 0.307848 0.545913 0.0772551 0.0301145 0.0174587 0.0104118 0.00508478 0.00325201 0.00167824 0.000984184 
176 0.326732 0.460002 0.112665 0.0439169 0.0254606 0.0151838 0.0074153 0.00474252 0.00244744 0.00143527 
177 0.300338 0.427067 0.170575 0.0445373 0.0258192 0.0153977 0.00751975 0.00480931 0.00248191 0.00145548 
178 0.464103 0.517542 0.00697189 0.00412442 0.00417216 0.00127578 0.000657306 0.000559705 0.000314485 0.000279522 
179 0.300338 0.455224 0.142419 0.0445355 0.0258192 0.0153977 0.00751975 0.00480931 0.00248191 0.00145548 
180 0.696395 0.274291 0.0111341 0.00658677 0.006663 0.00203743 0.00104973 0.000893857 0.000502238 0.000446401 
181 0.363111 0.440028 0.103997 0.0405387 0.0235021 0.0140158 0.0068449 0.00437771 0.00225917 0.00132486 
182 0.312677 0.435706 0.124796 0.0486465 0.0282025 0.0278519 0.0125656 0.00525325 0.00271101 0.00158984 
183 0.359526 0.403879 0.128136 0.0547567 0.0241205 0.0143847 0.00702503 0.00449291 0.00231863 0.00135973 
184 0.318269 0.426922 0.1467 0.0471943 0.0273606 0.0163169 0.00796869 0.00509644 0.00263008 0.00154238 
185 0.728479 0.249067 0.0132272 0.00334328 0.00338198 0.00103415 0.000532816 0.0004537 0.000254924 0.000226583 
186 0.416952 0.387676 0.105267 0.0409327 0.0220863 0.0131715 0.00643255 0.00411399 0.00212308 0.00124505 
187 0.0484294 0.198745 0.33297 0.14819 0.152687 0.0491212 0.0180364 0.0383275 0.00674002 0.00675318 
188 0.430781 0.381962 0.098924 0.0385612 0.0223556 0.0133321 0.006511 0.00416416 0.00214897 0.00126024 
189 0.345245 0.443113 0.123296 0.038574 0.0223556 0.0133321 0.006511 0.00416416 0.00214897 0.00126024 
190 0.416753 0.440747 0.0754322 0.029278 0.0169737 0.0101225 0.00494354 0.00316168 0.00163163 0.000956846 
191 0.315675 0.453971 0.114251 0.0445363 0.0367672 0.0185333 0.00751975 0.00480931 0.00248191 0.00145548 
192 0.385646 0.407048 0.10296 0.0526836 0.0232046 0.0138384 0.00675825 0.00432229 0.00223058 0.00130809 
193 0.217654 0.404882 0.209723 0.0733612 0.0439803 0.0259997 0.0108601 0.00852531 0.00251962 0.00249473 
194 0.426286 0.367561 0.128268 0.0340004 0.0197114 0.0117552 0.00574088 0.00367163 0.00189479 0.00111118 
195 0.0484294 0.198745 0.33297 0.14819 0.137302 0.0491212 0.0180364 0.0383275 0.00674044 0.0221374 
196 0.66607 0.312107 0.00828874 0.00490348 0.00496024 0.00151676 0.000781463 0.000665427 0.000373888 0.000332321 
197 0.117014 0.392633 0.271782 0.0955919 0.0573077 0.0338784 0.0141511 0.0111087 0.00328314 0.0032507 
198 0.480228 0.366221 0.0811178 0.0316202 0.0183316 0.0109323 0.00533902 0.00341461 0.00176216 0.00103339 
199 0.361 0.456201 0.0965687 0.0376431 0.0218233 0.0130147 0.00635598 0.00406501 0.0020978 0.00123023 
200 0.630861 0.353041 0.00611464 0.00361732 0.00365919 0.00111892 0.000576489 0.000490889 0.000275819 0.000245155 
201 0.800446 0.182476 0.00648683 0.00383751 0.00388192 0.00118703 0.00061158 0.000520769 0.000292608 0.000260077 
202 0.318269 0.452551 0.121071 0.0471943 0.0273606 0.0163169 0.00796869 0.00509644 0.00263008 0.00154238 
203 0.745863 0.232069 0.00838187 0.00495858 0.00501597 0.0015338 0.000790244 0.000672903 0.000378089 0.000336055 
204 0.705253 0.257216 0.00945627 0.0182323 0.00566174 0.00172795 0.000890275 0.000758081 0.000425949 0.000378594 
205 0.367403 0.425095 0.109619 0.04273 0.0247724 0.0147734 0.00721489 0.00461434 0.00238129 0.00139648 
206 0.255802 0.573736 0.0950102 0.0329377 0.0190954 0.0113879 0.00556148 0.00355689 0.00183558 0.00107645 
207 0.323091 0.429104 0.122906 0.0479094 0.0277751 0.0165642 0.00809305 0.0203215 0.00266994 0.00156575 
208 0.30794 0.459407 0.122906 0.0479094 0.0277752 0.0165642 0.00808942 0.00517365 0.00266993 0.00156575 
209 0.32432 0.444278 0.134824 0.0421603 0.0244421 0.0145765 0.00711869 0.00455282 0.00234954 0.00137786 
210 0.430279 0.562823 0.000767845 0.000766812 0.00383592 0.000761257 0 0.000766287 0 0 
211 0.344414 0.472784 0.0965726 0.0376431 0.0218233 0.0130147 0.00635598 0.00406501 0.0020978 0.00123023 
212 0.389833 0.424305 0.103551 0.0359323 0.0208314 0.0124231 0.00606707 0.00388024 0.00200245 0.00117431 
213 0.318269 0.422704 0.150911 0.0472013 0.0273606 0.0163169 0.00796869 0.00509644 0.00263008 0.00154238 
214 0.328294 0.445895 0.119291 0.0465003 0.0269582 0.016077 0.0078515 0.00502149 0.0025914 0.0015197 
215 0.357609 0.455133 0.0989248 0.0385612 0.0223556 0.0133321 0.006511 0.00416416 0.00214897 0.00126024 
216 0.323465 0.423028 0.156268 0.0435369 0.0241205 0.0143847 0.00702503 0.00449291 0.00231863 0.00135973 
217 0.328883 0.458713 0.118335 0.0410652 0.0238073 0.0141978 0.00693379 0.00443456 0.00228851 0.00134207 
218 0.889714 0.101892 0.00318822 0.00188596 0.00190778 0.000583368 0.000300563 0.000255933 0.000143803 0.000127816 
219 0.691795 0.248144 0.0113808 0.02176 0.0219155 0.0020683 0.00106563 0.0009074 0.000509848 0.000453165 
220 0.337806 0.421151 0.126552 0.043917 0.0393492 0.015184 0.0074153 0.00474252 0.00244744 0.00143527 
221 0.365611 0.421123 0.112664 0.0439169 0.0254606 0.0151838 0.0074153 0.00474252 0.00244744 0.00143527 
222 0.0296915 0.512525 0.147561 0.135511 0.12329 0.0220364 0 0.0216005 0.00778439 0 
223 0.0443866 0.678361 0.0672211 0.158451 0.0412636 0 0 0 0 0.010316 
224 0.228363 0.419336 0.270916 0.0355287 0.0205973 0.0122835 0.0059989 0.00383664 0.00197995 0.00116112 
225 0.312677 0.435706 0.124841 0.0639868 0.0282025 0.016819 0.00821387 0.00525325 0.00271101 0.00158984 
226 0.138886 0.384457 0.242016 0.104407 0.0683143 0.0319425 0.0133425 0.010474 0.00309553 0.00306495 
227 0.391906 0.408677 0.105348 0.0410652 0.0238073 0.0141978 0.00693379 0.00443456 0.00228851 0.00134207 
228 0.303343 0.443302 0.130397 0.0620412 0.0273614 0.0163169 0.00796869 0.00509644 0.00263008 0.00154238 
229 0.706947 0.248144 0.0113028 0.00953321 0.0190334 0.00210372 0.00106563 0.0009074 0.000509848 0.000453165 
230 0.318269 0.437625 0.135996 0.0471943 0.0273606 0.0163169 0.00796869 0.00509644 0.00263008 0.00154238 
231 0.386985 0.422351 0.101239 0.0390373 0.0226316 0.0134967 0.00659138 0.00421557 0.0021755 0.00127579 
232 0.343263 0.45732 0.105348 0.0410652 0.0238073 0.0141978 0.00693379 0.00443456 0.00228851 0.00134207 
233 0.489522 0.374592 0.0717856 0.0279825 0.0162227 0.00967464 0.0047248 0.00302178 0.00155943 0.000914507 
234 0.276 0.568898 0.0819371 0.0319396 0.0185168 0.0110428 0.00539295 0.0034491 0.00177995 0.00104383 
235 0.323091 0.429104 0.122906 0.0479094 0.0277755 0.0317153 0.00808942 0.00517365 0.00266993 0.00156575 
236 0.0484294 0.198745 0.33297 0.14819 0.152687 0.0491213 0.0180364 0.0383275 0.00674002 0.00675318 
237 0.41212 0.57678 0.00421919 0.0024933 0.00252215 0.000771232 0.000397354 0.000338353 0.000190113 0.000168977 
238 0.3183 0.452512 0.121078 0.0471943 0.0273606 0.0163169 0.00796869 0.00509644 0.00263008 0.00154238 
239 0.68147 0.259366 0.0260595 0.00658677 0.0215884 0.00203743 0.00104973 0.000893857 0.000502238 0.000446402 
240 0.3332 0.447441 0.115882 0.0451717 0.026188 0.0156176 0.00762717 0.00487802 0.00251736 0.00147628 
241 0.666328 0.318344 0.00623811 0.00329338 0.0033315 0.00101872 0.000524863 0.000446928 0.000251119 0.000223201 
242 0.312677 0.435706 0.140181 0.0486465 0.0282025 0.016819 0.00821387 0.00525325 0.00271101 0.00158984 
243 0.338029 0.410448 0.132055 0.0458264 0.0410602 0.015844 0.00773771 0.00494871 0.00255385 0.00149767 
244 0.298883 0.460602 0.133996 0.0465003 0.0269582 0.016077 0.0078515 0.00502149 0.0025914 0.0015197 
245 0.826274 0.161823 0.00452113 0.00267463 0.00270558 0.000827322 0.000426253 0.00036296 0.000203939 0.000181266 
246 0.298883 0.445895 0.148703 0.0465003 0.0269582 0.016077 0.0078515 0.00502149 0.0025914 0.0015197 
247 0.3332 0.404584 0.144454 0.0594572 0.0261881 0.0156176 0.00762717 0.00487802 0.00251736 0.00147628 
248 0.31423 0.408715 0.162197 0.048907 0.0367546 0.0141979 0.00693379 0.00443456 0.00228851 0.00134207 
249 0.312677 0.435706 0.140181 0.0486466 0.0282025 0.016819 0.00821388 0.00525325 0.00271101 0.00158984 
250 0.30794 0.444256 0.122906 0.0630608 0.0277752 0.0165642 0.00808942 0.00517365 0.00266993 0.00156575 
251 0.320733 0.459908 0.115882 0.0451717 0.026188 0.0156176 0.00762717 0.00487802 0.00251736 0.00147628 
252 0.338017 0.410459 0.146547 0.0458264 0.0265675 0.015844 0.00773771 0.00494871 0.00255385 0.00149767 
253 0.118814 0.398673 0.245194 0.0970625 0.0581894 0.0497839 0.0143691 0.0112796 0.00333365 0.00330071 
254 0.307411 0.46901 0.124355 0.0433153 0.0251118 0.0149758 0.00731372 0.00467755 0.00241391 0.00141561 
255 0.366914 0.452117 0.0967444 0.0367677 0.0213158 0.012712 0.00620816 0.00397048 0.00204902 0.00120162 
256 0.392282 0.396092 0.123293 0.0385612 0.0223556 0.0133321 0.006511 0.00416416 0.00214897 0.00126024 
257 0.323091 0.444256 0.122906 0.0479094 0.0277751 0.0165642 0.00808942 0.00517365 0.00266993 0.00156575 
258 0.532893 0.453276 0.00525343 0.00310784 0.00314381 0.000961324 0.000495294 0.000421749 0.000236971 0.000210626 
259 0.324435 0.457525 0.121462 0.0421603 0.0244421 0.0145765 0.00711869 0.00455282 0.00234954 0.00137786 
260 0.305567 0.468728 0.122229 0.0451717 0.026188 0.0156176 0.00762717 0.00487802 0.00251736 0.00147628 
261 0.34187 0.367804 0.118335 0.118987 0.0238073 0.0141978 0.00693379 0.00443456 0.00228851 0.00134207 
262 0.387997 0.414953 0.109743 0.0381348 0.0220863 0.0131715 0.00643255 0.00411399 0.00212308 0.00124505 
263 0.31441 0.441152 0.142341 0.0446138 0.0258192 0.0153977 0.00751975 0.00480931 0.00248191 0.00145548 
264 0.278809 0.360942 0.276134 0.0322655 0.0289096 0.0111556 0.00544798 0.0034843 0.00179812 0.00105448 
265 0.67669 0.235981 0.0599597 0.0171491 0.00587397 0.00179616 0.000925417 0.000788005 0.000442762 0.000393538 
266 0.312677 0.435706 0.124796 0.0640311 0.0282025 0.016819 0.00821387 0.00525325 0.00271101 0.00158984 
267 0.357542 0.482509 0.0844976 0.0329377 0.0190954 0.0113879 0.00556148 0.00355689 0.00183558 0.00107645 
268 0.395259 0.470025 0.071178 0.027737 0.0160804 0.00958978 0.00468335 0.00299527 0.00154575 0.000906485 
269 0.330675 0.44969 0.115289 0.0401704 0.0357179 0.0138384 0.00675825 0.00432229 0.00223058 0.00130809 
270 0.0470022 0.207802 0.337874 0.158511 0.133385 0.0476549 0.017498 0.0371834 0.00653883 0.0065516 
271 0.316379 0.4842 0.105351 0.0410652 0.0238073 0.0141978 0.00693379 0.00443456 0.00228851 0.00134207 
272 0.797316 0.193837 0.00336092 0.0019879 0.00201091 0.000614901 0.000316809 0.000269768 0.000151576 0.000134725 
273 0.311846 0.452392 0.117257 0.0661797 0.0235021 0.0140158 0.0068449 0.00437771 0.00225917 0.00132486 
274 0.323537 0.425245 0.146242 0.0458264 0.0265675 0.015844 0.00773771 0.00494871 0.00255385 0.00149767 
275 0.130193 0.386772 0.237954 0.12372 0.0566689 0.0333728 0.0139399 0.0109429 0.00323414 0.00320219 
276 0.312677 0.451091 0.124796 0.0486465 0.0282025 0.016819 0.00821388 0.00525325 0.00271101 0.00158984 
277 3.2762e-05 0.721744 0.115151 0.142556 0.0205154 0 0 0 0 0 
278 0.30794 0.444252 0.138061 0.0479096 0.0277751 0.0165642 0.00808942 0.00517365 0.00266993 0.00156575 
279 0.792392 0.191376 0.00616556 0.00364722 0.00368943 0.00112817 0.000581254 0.000494946 0.000278099 0.000247181 
280 0.298883 0.475307 0.119291 0.0465003 0.0269582 0.016077 0.0078515 0.00502149 0.0025914 0.0015197 
281 0.312677 0.435706 0.124796 0.0640311 0.0282025 0.016819 0.00821387 0.00525325 0.00271101 0.00158984 
282 0.323091 0.429104 0.138057 0.0479094 0.0277751 0.0165642 0.00808942 0.00517365 0.00266993 0.00156575 
283 0.450937 0.381097 0.0892347 0.0343698 0.0199257 0.011883 0.00580328 0.00371153 0.00191539 0.00112325 
284 0.328806 0.445345 0.11933 0.0465003 0.0269582 0.016077 0.0078515 0.00502149 0.0025914 0.0015197 
285 0.470854 0.465542 0.0235719 0.0167637 0.0125651 0.00271784 0.00777905 0.000206499 0 0 
286 0.75597 0.239151 0.000543123 0.000542379 0.00271321 0.00053845 0 0.000542008 0 0 
287 0.737664 0.239498 0.00867425 0.00513155 0.00519094 0.0015873 0.00081781 0.000696377 0.000391278 0.000347778 
288 0.75784 0.218779 0.00888078 0.00525373 0.00531454 0.0016251 0.000837282 0.000712957 0.000400595 0.000356058 
289 0.689137 0.280813 0.0162092 0.00501493 0.00507297 0.00155123 0.000799224 0.00068055 0.000382386 0.000339874 
290 0.318914 0.447441 0.130168 0.0451717 0.026188 0.0156176 0.00762717 0.00487802 0.00251736 0.00147628 
291 0.344074 0.483397 0.0911435 0.0355283 0.0205973 0.0122835 0.0059989 0.00383664 0.00197995 0.00116112 
292 0.328703 0.462255 0.111159 0.04273 0.0247724 0.0147734 0.00721489 0.00461434 0.00238129 0.00139648 
293 0.358423 0.411222 0.114252 0.0445355 0.0259332 0.0293681 0.00751976 0.00480931 0.00248191 0.00145548 
294 0.422878 0.38744 0.100258 0.0390373 0.0226316 0.0134967 0.00659138 0.00421557 0.0021755 0.00127579 
295 0.578981 0.4096 0.00433713 0.00256578 0.00259547 0.000793652 0.000408905 0.000348188 0.000195639 0.000173889 
296 0.0484294 0.198745 0.333301 0.163244 0.137302 0.0491212 0.0180364 0.0383275 0.00674002 0.00675318 
297 0.312677 0.435706 0.140181 0.0486465 0.0282025 0.016819 0.00821387 0.00525325 0.00271101 0.00158984 
298 0.0318438 0.695441 0.0920427 0.0890051 0.0370696 0.0136855 0.0318559 0.00548121 0.00357468 0 
299 0.113572 0.439908 0.234377 0.0927803 0.0556222 0.032882 0.0137349 0.010782 0.00318657 0.00315509 
300 0.0484294 0.198745 0.33297 0.14819 0.13731 0.0644981 0.0180364 0.0383275 0.00674002 0.00675318 
301 0.328294 0.445882 0.119304 0.0465003 0.0269582 0.016077 0.0078515 0.00502149 0.0025914 0.0015197 
302 0.3377 0.457565 0.108157 0.0421603 0.0244421 0.0145765 0.00711869 0.00455282 0.00234954 0.00137786 
303 0.114931 0.587389 0.156251 0.0618536 0.0370815 0.0219213 0.00915658 0.00718801 0.00212438 0.0021034 
304 0.124928 0.485768 0.204359 0.0808854 0.0484912 0.0286664 0.011974 0.0093997 0.00277804 0.00275059 
305 0.0476956 0.195734 0.327925 0.145947 0.164813 0.0490868 0.0177632 0.0377468 0.0066379 0.00665086 
306 0.312677 0.435706 0.124797 0.064031 0.0282025 0.016819 0.00821387 0.00525325 0.00271101 0.00158984 
307 0.403694 0.399255 0.0977417 0.0501367 0.0220863 0.0131715 0.00643255 0.00411399 0.00212308 0.00124505 
308 0.373739 0.429339 0.109601 0.038734 0.0218233 0.0130147 0.00635598 0.00406501 0.0020978 0.00123023 
309 0.286254 0.482627 0.129101 0.0445355 0.0258192 0.0153977 0.00751975 0.00480931 0.00248191 0.00145548 
310 0.128278 0.39579 0.263789 0.0927803 0.0556222 0.032882 0.0137349 0.010782 0.00318657 0.00315509 
311 0.286254 0.465403 0.146324 0.0445355 0.0258192 0.0153977 0.00751975 0.00480931 0.00248191 0.00145548 
312 0.312677 0.435706 0.140181 0.0486465 0.0282025 0.016819 0.00821387 0.00525325 0.00271101 0.00158984 
313 0.346372 0.43843 0.119891 0.0416055 0.0241205 0.0143847 0.00702503 0.00449291 0.00231863 0.00135973 
314 0.323091 0.429104 0.12292 0.0630423 0.0277797 0.0165642 0.00808942 0.00517365 0.00266993 0.00156575 
315 0.320053 0.464749 0.119891 0.0416056 0.0241205 0.0143847 0.00702503 0.00449291 0.00231863 0.00135973 
316 0.695119 0.276823 0.0106576 0.00630448 0.00637745 0.00195011 0.00100474 0.000855549 0.000480714 0.00042727 
317 0.709406 0.246521 0.0123947 0.0205818 0.00637756 0.00195011 0.00100474 0.000855549 0.000480714 0.00042727 
318 0.30794 0.459407 0.122906 0.0479094 0.0277752 0.0165642 0.00808942 0.00517365 0.00266993 0.00156575 
319 0.906164 0.085583 0.00313505 0.00185426 0.00187572 0.000573563 0.000295511 0.000251632 0.000141386 0.000125668 
320 0.118814 0.398673 0.245194 0.0970625 0.0581896 0.0497841 0.0143688 0.0112796 0.00333365 0.00330071 
321 0.0484294 0.198745 0.33297 0.14819 0.137302 0.0491228 0.0334194 0.0383276 0.00674002 0.00675318 
322 0.28432 0.510945 0.108157 0.0421603 0.0244421 0.0145765 0.00711869 0.00455282 0.00234954 0.00137786 
323 0.650669 0.314046 0.0207852 0.00525373 0.00531454 0.0016251 0.000837282 0.000712957 0.000400595 0.000356058 
324 0.0509195 0.151111 0.27703 0.365292 0.0739787 0.0400387 0.0283462 0.0132835 0 0 
325 0.830577 0.153463 0.00591531 0.00420661 0.00315303 0.000682006 0.00195205 5.18181e-05 0 0 
326 0.25047 0.521555 0.125282 0.0573405 0.0203724 0.012147 0.00593224 0.00379401 0.00195795 0.00114821 
327 0.343 0.416484 0.133997 0.0465003 0.0269582 0.016077 0.0078515 0.00502149 0.0025914 0.0015197 
328 0.117014 0.392633 0.271782 0.0955919 0.0573077 0.0338784 0.0141511 0.0111087 0.00328314 0.0032507 
329 0.30794 0.459407 0.122906 0.0479094 0.0277752 0.0165642 0.00808942 0.00517365 0.00266993 0.00156575 
330 0.30794 0.444256 0.138057 0.0479094 0.0277752 0.0165642 0.00808942 0.00517365 0.00266993 0.00156575 
331 0.0628471 0.195734 0.327925 0.161096 0.135222 0.048377 0.0177632 0.0377468 0.0066379 0.00665086 
332 0.333194 0.437625 0.121071 0.0471943 0.0273606 0.0163169 0.00796869 0.00509644 0.00263008 0.00154238 
333 0.323091 0.444256 0.122906 0.0479094 0.0277751 0.0165642 0.00808942 0.00517365 0.00266993 0.00156575 
334 0.453821 0.398534 0.0779978 0.030404 0.0176265 0.0105119 0.00513367 0.00328328 0.00169438 0.000993647 
335 0.769515 0.213981 0.00626882 0.00370852 0.00375144 0.00114713 0.000591023 0.000503264 0.000282773 0.000251335 
336 0.532735 0.454257 0.00494193 0.00292261 0.00295643 0.000904027 0.000465773 0.000396612 0.000222847 0.000198072 
337 0.312677 0.435706 0.124796 0.0486465 0.0282025 0.0198148 0.0206027 0.00525325 0.00271101 0.00158984 
338 0.313588 0.445895 0.133997 0.0465003 0.0269582 0.016077 0.0078515 0.00502149 0.0025914 0.0015197 
339 0.353018 0.427624 0.115882 0.0451717 0.026188 0.0156176 0.00762717 0.00487802 0.00251736 0.00147628 
340 0.406032 0.423339 0.0901479 0.0351336 0.0203684 0.012147 0.00593224 0.00379401 0.00195795 0.00114821 
341 0.30794 0.444256 0.138057 0.0479094 0.0277751 0.0165642 0.00808942 0.00517365 0.00266993 0.00156575 
342 0.134223 0.438124 0.224473 0.0888601 0.053272 0.0314926 0.0131545 0.0103264 0.00305193 0.00302178 
343 0.694387 0.27268 0.0193997 0.00490349 0.00496024 0.00151676 0.000781463 0.000665427 0.000373888 0.000332321 
344 0.382728 0.360314 0.173701 0.0363454 0.0210708 0.0125659 0.0061368 0.00392484 0.00202547 0.00118781 
345 0.338971 0.455592 0.107303 0.0495475 0.0218234 0.0130147 0.00635598 0.00406501 0.0020978 0.00123023 
346 0.342575 0.441156 0.11425 0.0445355 0.0258192 0.0153977 0.00751975 0.00480931 0.00248191 0.00145548 
347 0.330095 0.447343 0.117587 0.0458264 0.0265675 0.015844 0.00773771 0.00494871 0.00255385 0.00149767 
348 0.363548 0.378384 0.149125 0.0545257 0.0244421 0.0145765 0.00711869 0.00455282 0.00234954 0.00137786 
349 0.199627 0.658193 0.0751116 0.029278 0.0169737 0.0101225 0.00494354 0.00316168 0.00163163 0.000956846 
350 0.323091 0.429104 0.122906 0.0479094 0.0277751 0.016565 0.0232401 0.00517365 0.00266993 0.00156575 
351 0.312677 0.435706 0.124797 0.0639948 0.0282387 0.016819 0.00821388 0.00525325 0.00271101 0.00158984 
352 0.34018 0.447419 0.118332 0.0410652 0.0238073 0.0141978 0.00693379 0.00443456 0.00228851 0.00134207 
353 0.356676 0.412971 0.11425 0.0445355 0.0258944 0.0294068 0.00751984 0.00480931 0.00248191 0.00145548 
354 0.678427 0.313057 0.00324345 0.00191045 0.00193256 0.000590944 0.000304466 0.000259257 0.000145671 0.000129476 
355 0.375948 0.427191 0.103997 0.0405387 0.0235021 0.0140158 0.0068449 0.00437771 0.00225917 0.00132486 
356 0.312677 0.435706 0.140181 0.0486465 0.0282025 0.016819 0.00821387 0.00525325 0.00271101 0.00158984 
357 0.312677 0.45109 0.124796 0.0486465 0.0282025 0.016819 0.00821387 0.00525325 0.00271101 0.00158984 
358 0.362844 0.432422 0.108157 0.0421603 0.0244421 0.0145765 0.00711869 0.00455282 0.00234954 0.00137786 
359 0.118814 0.398673 0.245196 0.112445 0.0581894 0.0343997 0.0143688 0.0112796 0.00333365 0.00330071 
360 0.318859 0.447489 0.130175 0.0451717 0.026188 0.0156176 0.00762717 0.00487802 0.00251736 0.00147628 
361 0.312677 0.435706 0.124796 0.050706 0.0415276 0.016819 0.00821388 0.00525325 0.00271101 0.00158984 
362 0.470357 0.280852 0.237512 0.0040864 0.00413353 0.00126396 0.000651219 0.000554522 0.000311574 0.000276934 
363 0.377155 0.443118 0.10013 0.0347475 0.0201446 0.0120136 0.00586705 0.00375232 0.00193643 0.0011356 
364 0.118814 0.398673 0.260579 0.0970625 0.0581894 0.0343997 0.0143688 0.0112796 0.00333365 0.00330071 
365 0.312677 0.451089 0.124798 0.0486465 0.0282025 0.016819 0.00821388 0.00525325 0.00271101 0.00158984 
366 0.702439 0.267345 0.0114767 0.00678944 0.00686802 0.00210012 0.00108203 0.00092136 0.000517691 0.000460137 
367 0.71886 0.252676 0.0108115 0.00639585 0.00646987 0.00197838 0.0010193 0.000867948 0.00048768 0.000433462 
368 0.301873 0.461583 0.131568 0.0458264 0.0265675 0.015844 0.00773771 0.00494871 0.00255385 0.00149767 
369 0.312677 0.435706 0.124796 0.0486465 0.0282025 0.0322036 0.00821387 0.00525325 0.00271101 0.00158984 
370 0.30794 0.429104 0.138057 0.0630609 0.0277751 0.0165642 0.00808942 0.00517365 0.00266993 0.00156575 
371 0.328294 0.445895 0.119291 0.0465003 0.0269582 0.016077 0.0078515 0.00502149 0.0025914 0.0015197 
372 0.118814 0.398673 0.260579 0.0970625 0.0581894 0.0343997 0.0143688 0.0112796 0.00333365 0.00330071 
373 0.342948 0.426699 0.11425 0.0445356 0.0399036 0.0153977 0.00751975 0.00480931 0.00248191 0.00145548 
374 0.350249 0.452891 0.103997 0.0405387 0.0235021 0.0140158 0.0068449 0.00437771 0.00225917 0.00132486 
375 0.328273 0.445913 0.119294 0.0465003 0.0269582 0.016077 0.0078515 0.00502149 0.0025914 0.0015197 
376 0.487346 0.347546 0.0872235 0.0340002 0.0197114 0.0117552 0.00574088 0.00367163 0.00189479 0.00111118 
377 0.317437 0.467364 0.106734 0.0416055 0.0241205 0.0144436 0.0201226 0.0044943 0.00231863 0.00135973 
378 0.30405 0.504011 0.101397 0.0395253 0.0229145 0.0136654 0.00667377 0.00426826 0.00220269 0.00129174 
379 0.451194 0.38544 0.0863088 0.0336385 0.0195017 0.0116302 0.00567981 0.00363257 0.00187463 0.00109935 
380 0.118814 0.398673 0.245194 0.0970625 0.0581894 0.0343997 0.0143688 0.0112796 0.00335262 0.0186663 
