2 0.4166 0.523387 0.022234 0.0158207 0.0118589 0.00256357 0.00734053 0.000194566 0 0 
3 0.561236 0.175478 0.0135199 0.00344876 0.236004 0.00108442 0.00827302 0.000464265 0.000260852 0.000231852 
4 0.327775 0.433917 0.133341 0.0458202 0.0265673 0.0158426 0.00773758 0.00494763 0.00255483 0.0014976 
5 0.671365 0.312698 0.00938838 0.00237145 0.00240126 0.00075061 0.000361395 0.00032199 0.000180914 0.000160801 
6 0.355173 0.454165 0.111071 0.0347428 0.0201444 0.0120125 0.00586696 0.0037515 0.00193718 0.00113554 
7 0.695117 0.276823 0.0106595 0.00630128 0.00638049 0.00199448 0.000960278 0.000855574 0.000480713 0.00042727 
8 0.815562 0.169995 0.00548666 0.0032433 0.00328408 0.00102657 0.00049426 0.000440369 0.000247426 0.000219919 
9 0.134433 0.36057 0.264655 0.113591 0.0665562 0.0309916 0.0130317 0.0101827 0.00300939 0.00297983 
10 0.391063 0.404591 0.101311 0.0395204 0.0353321 0.013746 0.00667366 0.00426733 0.00220354 0.00129168 
11 0.70694 0.248148 0.0113055 0.00668317 0.00676719 0.00211535 0.00101898 0.016058 0.000510254 0.000453165 
12 0.301595 0.491005 0.109524 0.0427243 0.0247722 0.0147721 0.00721477 0.00461333 0.0023822 0.00139641 
13 0.713471 0.258865 0.0105094 0.00621253 0.00629063 0.00196639 0.000946752 0.000843523 0.000473943 0.000421252 
14 0.702432 0.251966 0.0114794 0.00678622 0.0222557 0.0021479 0.00103414 0.000921387 0.000517691 0.000460137 
15 0.705201 0.272975 0.00829113 0.00490099 0.00496261 0.00155126 0.000746882 0.000665446 0.000373888 0.000332321 
16 0.975673 0.0235351 0.000300782 0.000177787 0.000180022 5.6273e-05 2.70937e-05 2.41395e-05 1.3563e-05 1.20552e-05 
17 0.362132 0.448391 0.10006 0.0390321 0.0226314 0.0134955 0.00659127 0.00421465 0.00217633 0.00127573 
18 0.280853 0.436171 0.187676 0.0416 0.0241203 0.0143834 0.00702491 0.00449193 0.00231951 0.00135966 
19 0.289173 0.528117 0.0964858 0.037638 0.0218231 0.0130135 0.00635587 0.00406413 0.00209861 0.00123017 
20 0.31272 0.450784 0.125069 0.0486399 0.0282022 0.0168175 0.00821374 0.0052521 0.00271205 0.00158976 
21 0.118142 0.399399 0.245061 0.0969982 0.06786 0.0401914 0.0144352 0.0112793 0.00333348 0.00330074 
22 0.536889 0.45135 0.00446805 0.00264125 0.00267446 0.000836008 0.000402511 0.000358624 0.000201497 0.000179095 
23 0.129541 0.410773 0.2443 0.0941017 0.0565972 0.0333042 0.0140043 0.0109426 0.00323397 0.00320221 
24 0.303254 0.445033 0.143611 0.047188 0.0273603 0.0163155 0.00796855 0.00509532 0.00263109 0.0015423 
25 0.256284 0.650245 0.0594676 0.0148432 0.0086063 0.0051321 0.00250654 0.00160275 0.00082762 0.000485137 
26 0.116352 0.393348 0.271651 0.0955275 0.0574548 0.0338089 0.0142165 0.0111084 0.00328297 0.00325073 
27 0.772515 0.217664 0.00373084 0.00220545 0.00223317 0.000698067 0.000336097 0.000299451 0.00016825 0.000149545 
28 0.680829 0.261502 0.0116995 0.0348702 0.00638053 0.00199448 0.000960277 0.000855573 0.000480713 0.00042727 
29 0.707722 0.278981 0.00506719 0.00298033 0.0030178 0.000943334 0.000454185 0.000404663 0.000227364 0.000202087 
30 0.31818 0.423985 0.149734 0.047188 0.0273603 0.0163155 0.00796855 0.00509532 0.00263109 0.0015423 
31 0.118142 0.399399 0.245079 0.112362 0.0583402 0.034329 0.0144352 0.0112793 0.00333348 0.00330074 
32 0.436795 0.55206 0.00280702 0.00541762 0.00167908 0.000524862 0.000252705 0.000225151 0.000126503 0.00011244 
33 0.920606 0.0783561 0.00027564 0.000490594 0.000156394 4.88841e-05 2.35361e-05 2.09699e-05 1.17821e-05 1.04723e-05 
34 0.312585 0.435914 0.124689 0.0640245 0.0282022 0.0168175 0.00821374 0.0052521 0.00271205 0.00158976 
35 0.277817 0.70436 0.01124 0.0049561 0.000935571 0.000292078 0.000140626 0.000125293 7.03973e-05 6.25709e-05 
36 0.342195 0.413472 0.142321 0.0445295 0.0258189 0.0153963 0.00751962 0.00480826 0.00248286 0.00145541 
37 0.306816 0.491242 0.106642 0.0415999 0.0241203 0.0143834 0.00702491 0.00449193 0.00231951 0.00135966 
38 0.700583 0.279374 0.00761392 0.00450091 0.0045575 0.00142463 0.000685912 0.000611124 0.000343367 0.000305193 
39 0.374215 0.388147 0.111025 0.0433114 0.0525069 0.0149745 0.0073136 0.00467653 0.00241484 0.00141554 
40 0.948358 0.0483628 0.00124569 0.000736376 0.000745634 0.000233078 0.000112219 9.99836e-05 5.61768e-05 4.99314e-05 
41 0.495789 0.496949 0.00276729 0.00162764 0.0016481 0.000515179 0.000248042 0.000220997 0.000124169 0.000110365 
42 0.118142 0.414784 0.245061 0.0969972 0.0583387 0.034329 0.0144352 0.0112793 0.00333348 0.00330074 
43 0.136571 0.408939 0.230854 0.105867 0.0549567 0.0323389 0.0135983 0.0106254 0.00314023 0.00310939 
44 0.296084 0.421324 0.181998 0.0439111 0.0254603 0.0151825 0.00741518 0.00474148 0.00244838 0.0014352 
45 0.307849 0.44446 0.137952 0.047903 0.0277749 0.0165627 0.00808929 0.00517253 0.00267096 0.00156567 
46 0.312585 0.435914 0.124689 0.0640245 0.0282022 0.0168175 0.00821374 0.0052521 0.00271205 0.00158976 
47 0.0470595 0.236462 0.324599 0.143226 0.133226 0.0476573 0.0174987 0.0371808 0.00653951 0.00655111 
48 0.312585 0.435914 0.140074 0.0486399 0.0282022 0.0168175 0.00821374 0.0052521 0.00271205 0.00158976 
49 0.328423 0.414185 0.155381 0.0445295 0.0258189 0.0153963 0.00751962 0.00480826 0.00248286 0.00145541 
50 0.746311 0.245009 0.00331501 0.00194313 0.00196755 0.000615037 0.000296121 0.000263833 0.000148238 0.000131757 
51 0.314339 0.455414 0.128237 0.0445295 0.0258189 0.0153963 0.00751962 0.00480826 0.00248286 0.00145541 
52 0.0539717 0.54584 0.147107 0.108831 0.0977599 0.0199234 0 0.0195296 0.00703751 0 
53 0.0412944 0.700858 0.0626386 0.147261 0.0383577 0 0 0 0 0.0095895 
54 0.129541 0.402402 0.252671 0.0941017 0.0565972 0.0333042 0.0140043 0.0109426 0.00323397 0.00320221 
55 0.312585 0.451298 0.124689 0.0486399 0.0282022 0.0168175 0.00821374 0.0052521 0.00271205 0.00158976 
56 0.734015 0.242602 0.00888291 0.00525106 0.00531708 0.00166206 0.000800231 0.000712978 0.000400594 0.000356059 
57 0.355645 0.436955 0.109524 0.0427243 0.0247722 0.0147721 0.00721477 0.00461333 0.0023822 0.00139641 
58 0.300924 0.502312 0.103908 0.0405333 0.0235018 0.0140146 0.00684478 0.00437675 0.00226004 0.0013248 
59 0.308957 0.468614 0.117461 0.0458202 0.0265673 0.0158426 0.00773758 0.00494763 0.00255483 0.0014976 
60 0.312585 0.435914 0.140063 0.0486508 0.0282022 0.0168175 0.00821374 0.0052521 0.00271205 0.00158976 
61 0.66823 0.318565 0.00503072 0.00296033 0.00299755 0.000937003 0.000451137 0.000401947 0.000225838 0.000200731 
62 0.297764 0.518746 0.102111 0.0355236 0.0205971 0.0122824 0.0059988 0.00383581 0.00198071 0.00116106 
63 0.58425 0.298591 0.061871 0.0241343 0.0139935 0.00834456 0.00407552 0.00260601 0.00134567 0.00078881 
64 0.33712 0.468076 0.108581 0.037638 0.0218231 0.0130135 0.00635587 0.00406413 0.00209861 0.00123017 
65 0.0279973 0.54044 0.153351 0.127779 0.10195 0.0207772 0 0.0203666 0.00733912 0 
66 0.863214 0.128533 0.00313515 0.00185332 0.00187662 0.000586611 0.000282435 0.000251639 0.000141386 0.000125668 
67 0.0298369 0 0.357956 0.136883 0.304151 0.0814252 0.0599113 0 0 0.0298369 
68 0.366394 0.450726 0.0966564 0.037638 0.0218231 0.0130135 0.00635587 0.00406413 0.00209861 0.00123017 
69 0.307849 0.459612 0.1228 0.047903 0.0277749 0.0165627 0.00808929 0.00517253 0.00267096 0.00156567 
70 0.691789 0.278451 0.0113055 0.00668317 0.00676719 0.00211535 0.00101848 0.000907427 0.000509847 0.000453165 
71 0.361367 0.453613 0.097758 0.0380915 0.022086 0.0131703 0.00643245 0.00411309 0.00212389 0.00124499 
72 0.83663 0.160835 0.000963051 0.000569147 0.000576302 0.000180146 8.67347e-05 7.72776e-05 4.34192e-05 3.85921e-05 
73 0.118142 0.399399 0.260445 0.0969972 0.0583387 0.034329 0.0144352 0.0112793 0.00333348 0.00330074 
74 0.757147 0.218683 0.0109314 0.00479445 0.00485472 0.00151754 0.000730646 0.00065098 0.00036576 0.000325097 
75 0.116352 0.408499 0.241348 0.0955275 0.0574548 0.0338089 0.0142165 0.0262595 0.00328337 0.00325073 
76 0.114615 0.387478 0.267595 0.0941267 0.0714976 0.0333042 0.0140043 0.0109426 0.00323397 0.00320221 
77 0.735226 0.249308 0.00587546 0.00347314 0.00351681 0.00109932 0.000529287 0.000471576 0.00026496 0.000235503 
78 0.031356 0.684904 0.0907037 0.102626 0.0366319 0.0134855 0.031386 0.00538295 0.00352408 0 
79 0.509625 0.478432 0.00132938 0.00132761 0.0066413 0.001318 0 0.0013267 0 0 
80 0.116352 0.408499 0.256499 0.0955275 0.0574548 0.0338089 0.0142165 0.0111084 0.00328297 0.00325073 
81 0.314224 0.455527 0.114154 0.058614 0.0258189 0.0153963 0.00751962 0.00480826 0.00248286 0.00145541 
82 0.352435 0.425136 0.117461 0.0458202 0.0265673 0.0158426 0.00773758 0.00494763 0.00255483 0.0014976 
83 0.292762 0.528775 0.0942439 0.0367627 0.0213156 0.0127109 0.00620806 0.00396961 0.0020498 0.00120156 
84 0.307849 0.44446 0.137952 0.047903 0.0277749 0.0165627 0.00808929 0.00517253 0.00267096 0.00156567 
85 0.367458 0.47976 0.0850918 0.0295476 0.0171322 0.0102162 0.00498965 0.00319053 0.00164751 0.000965739 
86 0.157818 0.431914 0.215257 0.0852002 0.0512435 0.0301538 0.0126795 0.00990748 0.00292806 0.0028993 
87 0.356816 0.533899 0.0596299 0.0250699 0.011043 0.00658516 0.00321622 0.00205655 0.00106195 0.000622495 
88 0.418411 0.425609 0.0907292 0.0284829 0.0165148 0.00984808 0.00480985 0.00307556 0.00158814 0.000930938 
89 0.40443 0.417092 0.0942594 0.0367627 0.0213156 0.0127109 0.00620806 0.00396961 0.0020498 0.00120156 
90 0.423646 0.383993 0.107152 0.0371952 0.0215664 0.0128604 0.00628109 0.00401631 0.00207392 0.0012157 
91 0.307849 0.429309 0.137952 0.0479031 0.0429263 0.0165627 0.00808929 0.00517253 0.00267096 0.00156567 
92 0.369433 0.624401 0.00235961 0.0013784 0.00139573 0.000436292 0.000210061 0.000187157 0.000105156 9.34654e-05 
93 0.729565 0.258158 0.00466431 0.00275681 0.00279147 0.000872584 0.000420121 0.000374313 0.000210312 0.000186931 
94 0.635336 0.262104 0.0900027 0.00454736 0.00460448 0.00143931 0.000692984 0.000617424 0.000346906 0.000308339 
95 0.280717 0.61768 0.0613631 0.0175661 0.0101841 0.00607298 0.00296607 0.00189659 0.00097935 0.000574078 
96 0.702338 0.292752 0.00186547 0.00110272 0.00111659 0.000349033 0.000168049 0.000149725 8.41248e-05 7.47723e-05 
97 0.307849 0.44446 0.1228 0.047903 0.0277749 0.0165627 0.00808932 0.0203238 0.00267115 0.00156567 
98 0.762573 0.21485 0.0085766 0.00506999 0.00513373 0.00160475 0.000772637 0.000688392 0.000386781 0.000343781 
99 0.669086 0.308594 0.00847915 0.00501238 0.00507539 0.00158652 0.000763857 0.00068057 0.000382385 0.000339874 
100 0.048505 0.198057 0.349501 0.147633 0.137325 0.0491237 0.0180371 0.0383248 0.00674073 0.00675268 
101 0.116352 0.423651 0.241348 0.0955275 0.0574548 0.0338089 0.0142165 0.0111084 0.00328297 0.00325073 
102 0.425766 0.470525 0.0547705 0.0213621 0.0123861 0.00738606 0.00360739 0.00230667 0.0011911 0.000698203 
103 0.683227 0.292221 0.00932705 0.00551362 0.00558293 0.00174517 0.000840243 0.000748627 0.000420624 0.000373861 
104 0.33315 0.462725 0.118913 0.0371979 0.0215664 0.0128604 0.00628109 0.00401631 0.00207392 0.0012157 
105 0.620022 0.372851 0.00276077 0.00158097 0.00160084 0.000500406 0.00024093 0.00021466 0.000120609 0.0001072 
106 0.312585 0.435914 0.12469 0.0640242 0.0282022 0.0168175 0.00821374 0.0052521 0.00271205 0.00158976 
107 0.312585 0.451298 0.12469 0.0486399 0.0282022 0.0168175 0.00821374 0.0052521 0.00271205 0.00158976 
108 0.465826 0.385161 0.0786944 0.0306951 0.0177975 0.010613 0.00518343 0.00331443 0.00171149 0.00100324 
109 0.312585 0.451298 0.124689 0.0486399 0.0282022 0.0168175 0.00821374 0.0052521 0.00271205 0.00158976 
110 0.309503 0.467931 0.117598 0.0458202 0.0265673 0.0158426 0.00773758 0.00494763 0.00255483 0.0014976 
111 0.654549 0.326901 0.00705869 0.00416122 0.00421353 0.00131711 0.000634146 0.000565001 0.000317452 0.00028216 
112 0.341789 0.432921 0.118241 0.0540467 0.023807 0.0141966 0.00693368 0.00443359 0.00228939 0.001342 
113 0.61527 0.36566 0.00724497 0.00428242 0.00433626 0.00135547 0.000652616 0.000581458 0.000326698 0.000290378 
114 0.319974 0.478084 0.106642 0.0415999 0.0241203 0.0143834 0.00702491 0.00449193 0.00231951 0.00135966 
115 0.32345 0.454121 0.117461 0.0458202 0.0265673 0.0158426 0.00773758 0.00494763 0.00255483 0.0014976 
116 0.312585 0.451298 0.124689 0.0486399 0.0282022 0.0168175 0.00821374 0.0052521 0.00271205 0.00158976 
117 0.312585 0.451298 0.124689 0.0486399 0.0282022 0.0168175 0.00821374 0.0052521 0.00271205 0.00158976 
118 0.603893 0.387518 0.00327057 0.00192615 0.00195037 0.000609666 0.000293535 0.000261529 0.000146943 0.000130607 
119 0.312585 0.435914 0.124689 0.048647 0.0430002 0.0173971 0.00821374 0.0052521 0.00271205 0.00158976 
120 0.31818 0.422901 0.150818 0.047188 0.0273603 0.0163155 0.00796855 0.00509532 0.00263109 0.0015423 
121 0.726179 0.248639 0.00956631 0.00565499 0.00572608 0.00178992 0.000861787 0.000767822 0.000431409 0.000383448 
122 0.118142 0.399399 0.245061 0.112382 0.0583387 0.034329 0.0144352 0.0112793 0.00333348 0.00330074 
123 0.650201 0.331612 0.00690906 0.00408416 0.0041355 0.00129272 0.000622402 0.000554538 0.000311573 0.000276934 
124 0.307849 0.545984 0.0771887 0.0301104 0.0174585 0.0104108 0.0050847 0.0032513 0.00167889 0.000984134 
125 0.3109 0.484466 0.108064 0.0421546 0.0244419 0.0145752 0.00711857 0.00455182 0.00235044 0.00137779 
126 0.324914 0.48561 0.100059 0.0390321 0.0226314 0.0134955 0.00659127 0.00421465 0.00217633 0.00127573 
127 0.598796 0.391334 0.00374957 0.00221653 0.00224439 0.000701575 0.000337786 0.000300956 0.000169095 0.000150296 
128 0.311118 0.466358 0.117556 0.0458202 0.0265673 0.0158426 0.00773758 0.00494763 0.00255483 0.0014976 
129 0.31818 0.452752 0.120967 0.047188 0.0273603 0.0163155 0.00796855 0.00509532 0.00263109 0.0015423 
130 0.392423 0.325937 0.0900555 0.146238 0.0203683 0.012146 0.00593214 0.00379319 0.0019587 0.00114816 
131 0.726342 0.248473 0.00956917 0.00565499 0.00572608 0.00178992 0.000861787 0.000767822 0.000431409 0.000383448 
132 0.306816 0.491243 0.106642 0.0415999 0.0241203 0.0143834 0.00702491 0.00449193 0.00231951 0.00135966 
133 0.312585 0.435914 0.124689 0.04864 0.0435867 0.0168175 0.00821374 0.0052521 0.00271205 0.00158976 
134 0.312585 0.451298 0.12469 0.0486399 0.0282022 0.0168175 0.00821374 0.0052521 0.00271205 0.00158976 
135 0.312585 0.435914 0.124689 0.04864 0.0435864 0.0168178 0.00821374 0.0052521 0.00271205 0.00158976 
136 0.377496 0.404535 0.108066 0.0554873 0.0244425 0.0145752 0.00711857 0.00455182 0.00235044 0.00137779 
137 0.312585 0.440249 0.135722 0.0486561 0.0282022 0.0168175 0.00821374 0.0052521 0.00271205 0.00158976 
138 0.312585 0.436297 0.139691 0.0486399 0.0282022 0.0168175 0.00821374 0.0052521 0.00271205 0.00158976 
139 0.312585 0.450915 0.125072 0.0486399 0.0282022 0.0168175 0.00821374 0.0052521 0.00271205 0.00158976 
140 0.312585 0.435914 0.140074 0.0486399 0.0282022 0.0168175 0.00821374 0.0052521 0.00271205 0.00158976 
141 0.304827 0.461636 0.130069 0.0451657 0.0261877 0.0156162 0.00762704 0.00487695 0.00251833 0.0014762 
142 0.333491 0.432972 0.130069 0.0451657 0.0261877 0.0156162 0.00762704 0.00487695 0.00251833 0.0014762 
143 0.328189 0.431385 0.119208 0.0464941 0.026958 0.0160755 0.00785137 0.0050204 0.0172983 0.00151963 
144 0.312585 0.435914 0.140074 0.0486399 0.0282022 0.0168175 0.00821374 0.0052521 0.00271205 0.00158976 
145 0.328207 0.431391 0.133889 0.0464963 0.026958 0.0160755 0.00785137 0.00502039 0.0025924 0.00151962 
146 0.323001 0.429309 0.1228 0.047903 0.028645 0.0308434 0.00808993 0.00517253 0.00267096 0.00156567 
147 0.312585 0.451298 0.124689 0.0486399 0.0282022 0.0168175 0.00821374 0.0052521 0.00271205 0.00158976 
148 0.332956 0.441222 0.130523 0.0415999 0.0241203 0.0143834 0.00702491 0.00449193 0.00231951 0.00135966 
149 0.333118 0.433345 0.115783 0.0452111 0.040428 0.0156162 0.00762704 0.00487695 0.00251833 0.0014762 
150 0.674588 0.31223 0.00500782 0.00296033 0.00299755 0.000937003 0.000451137 0.000401947 0.000225838 0.000200731 
151 0.53406 0.406719 0.0513632 0.00284574 0.00288151 0.000900732 0.000433674 0.000386388 0.000217096 0.000192961 
152 0.307849 0.44446 0.1228 0.0479034 0.042926 0.0165627 0.00808929 0.00517253 0.00267096 0.00156567 
153 0.292987 0.522102 0.0976483 0.0380915 0.022086 0.0131703 0.00643245 0.00411309 0.00212389 0.00124499 
154 0.307853 0.444457 0.122801 0.0630534 0.0277749 0.0165627 0.00808929 0.00517253 0.00267096 0.00156567 
155 0.8126 0.175706 0.00444429 0.00262553 0.00265854 0.000831032 0.000400116 0.000356489 0.000200297 0.000178029 
156 0.460869 0.364405 0.116316 0.0254968 0.0147834 0.00881562 0.00430559 0.00275312 0.00142164 0.00083334 
157 0.312585 0.435914 0.124689 0.0486399 0.0282022 0.0168175 0.00821856 0.0206319 0.00271205 0.00158976 
158 0.133484 0.399442 0.245061 0.0969972 0.0583387 0.034329 0.0144352 0.0112793 0.00333348 0.00330074 
159 0.318575 0.435688 0.14651 0.0433205 0.0251115 0.0149745 0.0073136 0.00467653 0.00241484 0.00141554 
160 0.312585 0.435914 0.124689 0.0486832 0.0435436 0.0168175 0.00821374 0.0052521 0.00271205 0.00158976 
161 0.722726 0.249214 0.0106595 0.00630128 0.00638049 0.00199448 0.000960278 0.000855574 0.000480713 0.00042727 
162 0.702432 0.26735 0.0114794 0.00678599 0.0068713 0.0021479 0.00103415 0.000921387 0.000517691 0.000460137 
163 0.312585 0.451298 0.124689 0.0486399 0.0282022 0.0168175 0.00821374 0.0052521 0.00271205 0.00158976 
164 0.741567 0.235594 0.00867638 0.00512895 0.00519342 0.00162341 0.000781621 0.000696397 0.000391278 0.000347778 
165 0.312585 0.435914 0.124689 0.04864 0.0435867 0.0168175 0.00821374 0.0052521 0.00271205 0.00158976 
166 0.347401 0.433348 0.115783 0.0451657 0.0261877 0.0156162 0.00762704 0.00487695 0.00251833 0.0014762 
167 0.70694 0.263299 0.0113055 0.00668317 0.00676719 0.00211535 0.00101848 0.000907427 0.000509847 0.000453165 
168 0.294682 0.482725 0.117625 0.0458202 0.0265673 0.0158426 0.00773758 0.00494763 0.00255483 0.0014976 
169 0.048505 0.198057 0.334116 0.162787 0.137556 0.0491237 0.0180371 0.0383248 0.00674073 0.00675268 
170 0.702432 0.251966 0.0114808 0.0221692 0.0068713 0.0021479 0.00103414 0.000921387 0.000517691 0.000460137 
171 0.461437 0.506377 0.0010238 0.0125166 0.0166088 0.00101503 0 0.00102172 0 0 
172 0.702432 0.26735 0.0114794 0.00678599 0.0068713 0.0021479 0.00103415 0.000921387 0.000517691 0.000460137 
173 0.0318384 0.695441 0.0920445 0.0890118 0.0370586 0.013693 0.0318688 0.00546577 0.0035783 0 
174 0.309624 0.509816 0.0953507 0.0371953 0.0215664 0.0128604 0.00628109 0.00401631 0.00207392 0.0012157 
175 0.307791 0.546042 0.0771888 0.0301104 0.0174585 0.0104108 0.00508469 0.0032513 0.00167889 0.000984134 
176 0.326653 0.460185 0.112568 0.0439111 0.0254603 0.0151825 0.00741518 0.00474148 0.00244838 0.0014352 
177 0.300254 0.427257 0.170476 0.0445313 0.0258189 0.0153963 0.00751962 0.00480826 0.00248286 0.00145541 
178 0.464099 0.517545 0.00697355 0.00412233 0.00417415 0.0013048 0.000628219 0.000559721 0.000314485 0.000279523 
179 0.300254 0.455414 0.142321 0.0445295 0.0258189 0.0153963 0.00751962 0.00480826 0.00248286 0.00145541 
180 0.696389 0.274295 0.0111368 0.00658342 0.00666619 0.00208378 0.00100328 0.000893883 0.000502238 0.000446402 
181 0.363035 0.440201 0.103908 0.0405333 0.0235018 0.0140146 0.00684478 0.00437675 0.00226004 0.0013248 
182 0.312585 0.435914 0.124689 0.0486399 0.0282022 0.0278622 0.0125537 0.0052521 0.00271205 0.00158976 
183 0.359448 0.404079 0.128022 0.0547511 0.0241203 0.0143834 0.00702491 0.00449193 0.00231951 0.00135966 
184 0.31818 0.427112 0.146607 0.047188 0.0273603 0.0163155 0.00796855 0.00509532 0.00263109 0.0015423 
185 0.728469 0.249075 0.0132286 0.00334159 0.00338359 0.00105768 0.000509238 0.000453713 0.000254924 0.000226583 
186 0.416948 0.387772 0.105176 0.0409336 0.022086 0.0131703 0.00643245 0.00411309 0.00212389 0.00124499 
187 0.048505 0.198057 0.334116 0.147633 0.15271 0.0491237 0.0180371 0.0383248 0.00674073 0.00675268 
188 0.430708 0.382127 0.0988391 0.0385561 0.0223554 0.0133309 0.00651089 0.00416325 0.00214979 0.00126017 
189 0.345174 0.443275 0.123211 0.0385689 0.0223554 0.0133309 0.00651089 0.00416325 0.00214979 0.00126017 
190 0.416718 0.440856 0.0753638 0.029274 0.0169735 0.0101216 0.00494345 0.00316099 0.00163225 0.000956797 
191 0.315584 0.454167 0.114153 0.0445304 0.036767 0.0185318 0.00751962 0.00480826 0.00248286 0.00145541 
192 0.385573 0.40722 0.102868 0.0526782 0.0232043 0.0138372 0.00675814 0.00432135 0.00223143 0.00130803 
193 0.217146 0.405435 0.209617 0.0733118 0.0440932 0.0259463 0.0109103 0.00852504 0.00251949 0.00249474 
194 0.426217 0.36772 0.128184 0.0339958 0.0197112 0.0117542 0.00574078 0.00367082 0.00189552 0.00111112 
195 0.048505 0.198057 0.334116 0.147633 0.137325 0.0491237 0.0180371 0.0383248 0.00674114 0.0221369 
196 0.666058 0.312118 0.00829072 0.00490099 0.00496261 0.00155126 0.000746882 0.000665446 0.000373888 0.000332321 
197 0.116352 0.393348 0.271651 0.0955275 0.0574548 0.0338089 0.0142165 0.0111084 0.00328297 0.00325073 
198 0.480147 0.366376 0.0810485 0.031616 0.0183314 0.0109314 0.00533893 0.00341387 0.00176283 0.00103334 
199 0.360929 0.456362 0.0964858 0.037638 0.0218231 0.0130135 0.00635587 0.00406413 0.00209861 0.00123017 
200 0.630852 0.353048 0.0061161 0.00361549 0.00366094 0.00114437 0.000550979 0.000490903 0.000275819 0.000245155 
201 0.800058 0.182863 0.00648839 0.00383556 0.00388378 0.00121403 0.000584517 0.000520784 0.000292608 0.000260078 
202 0.31818 0.452752 0.120967 0.047188 0.0273603 0.0163155 0.00796855 0.00509532 0.00263109 0.0015423 
203 0.745854 0.232077 0.00838387 0.00495606 0.00501837 0.00156869 0.000755274 0.000672923 0.000378089 0.000336055 
204 0.705243 0.257224 0.00945853 0.0182295 0.00566445 0.00176726 0.000850879 0.000758103 0.000425948 0.000378594 
205 0.366885 0.425716 0.109524 0.0427243 0.0247722 0.0147721 0.00721477 0.00461333 0.0023822 0.00139641 
206 0.255728 0.573889 0.0949375 0.0329333 0.0190952 0.0113868 0.00556139 0.00355611 0.00183628 0.0010764 
207 0.323001 0.429309 0.1228 0.047903 0.0277749 0.0165627 0.0080929 0.0203204 0.00267096 0.00156567 
208 0.307849 0.459612 0.1228 0.047903 0.0277749 0.0165627 0.00808929 0.00517253 0.00267096 0.00156567 
209 0.324241 0.444458 0.134731 0.0421546 0.0244419 0.0145752 0.00711857 0.00455182 0.00235044 0.00137779 
210 0.430266 0.562835 0.000767834 0.000766812 0.00383592 0.000761258 0 0.000766287 0 0 
211 0.344302 0.472985 0.0964897 0.037638 0.0218231 0.0130135 0.00635587 0.00406413 0.00209861 0.00123017 
212 0.389766 0.424458 0.103472 0.0359275 0.0208312 0.012422 0.00606697 0.00387939 0.00200322 0.00117425 
213 0.31818 0.422905 0.150807 0.047195 0.0273603 0.0163155 0.00796855 0.00509532 0.00263109 0.0015423 
214 0.328206 0.446094 0.119188 0.0464941 0.026958 0.0160755 0.00785137 0.00502039 0.0025924 0.00151962 
215 0.357536 0.455298 0.0988399 0.0385561 0.0223554 0.0133309 0.00651089 0.00416325 0.00214979 0.00126017 
216 0.323386 0.42321 0.156165 0.0435395 0.0241203 0.0143834 0.00702491 0.00449193 0.00231951 0.00135966 
217 0.328806 0.458888 0.118244 0.0410597 0.023807 0.0141966 0.00693368 0.00443359 0.00228939 0.001342 
218 0.889717 0.101888 0.00318898 0.001885 0.00190869 0.000596639 0.000287262 0.000255941 0.000143803 0.000127816 
219 0.691789 0.248148 0.0113837 0.0217564 0.0219188 0.00211535 0.00101848 0.000907426 0.000509847 0.000453165 
220 0.337722 0.421339 0.126456 0.0439111 0.039349 0.0151827 0.00741518 0.00474148 0.00244838 0.0014352 
221 0.365528 0.421311 0.112567 0.0439111 0.0254603 0.0151825 0.00741518 0.00474148 0.00244838 0.0014352 
222 0.0296941 0.512525 0.147554 0.135514 0.123291 0.0220364 0 0.021601 0.00778391 0 
223 0.0444076 0.678339 0.0672557 0.158418 0.0412636 0 0 0 0 0.010316 
224 0.228295 0.419846 0.270478 0.0355239 0.0205971 0.0122824 0.0059988 0.00383581 0.00198071 0.00116106 
225 0.312585 0.435914 0.124734 0.0639803 0.0282022 0.0168175 0.00821374 0.0052521 0.00271205 0.00158976 
226 0.138262 0.385129 0.241895 0.104346 0.0684529 0.0318769 0.0134041 0.0104736 0.00309537 0.00306497 
227 0.391843 0.408837 0.105258 0.0410597 0.023807 0.0141966 0.00693368 0.00443359 0.00228939 0.001342 
228 0.303254 0.443527 0.130269 0.0620351 0.0273611 0.0163155 0.00796855 0.00509532 0.00263109 0.0015423 
229 0.70694 0.248148 0.0113055 0.00952116 0.0190453 0.00215078 0.00101848 0.000907426 0.000509847 0.000453165 
230 0.31818 0.437827 0.135892 0.047188 0.0273603 0.0163155 0.00796855 0.00509532 0.00263109 0.0015423 
231 0.386914 0.42249 0.101179 0.0390321 0.0226314 0.0134955 0.00659127 0.00421465 0.00217633 0.00127573 
232 0.343184 0.457496 0.105258 0.0410597 0.023807 0.0141966 0.00693368 0.00443359 0.00228939 0.001342 
233 0.489469 0.374712 0.071724 0.0279787 0.0162225 0.00967378 0.00472472 0.00302112 0.00156003 0.000914461 
234 0.27594 0.569034 0.0818667 0.0319353 0.0185166 0.0110418 0.00539286 0.00344835 0.00178064 0.00104378 
235 0.323001 0.429309 0.1228 0.047903 0.0277752 0.0317139 0.00808929 0.00517253 0.00267096 0.00156567 
236 0.048505 0.198057 0.334116 0.147633 0.15271 0.0491238 0.0180371 0.0383248 0.00674073 0.00675268 
237 0.412117 0.576781 0.00422023 0.00249203 0.00252336 0.000788776 0.000379771 0.000338362 0.000190113 0.000168977 
238 0.318211 0.452714 0.120974 0.047188 0.0273603 0.0163155 0.00796855 0.00509532 0.00263109 0.0015423 
239 0.681464 0.25937 0.0260621 0.00658343 0.0215916 0.00208378 0.00100328 0.000893883 0.000502238 0.000446402 
240 0.333115 0.447634 0.115783 0.0451657 0.0261877 0.0156162 0.00762704 0.00487695 0.00251833 0.0014762 
241 0.666327 0.318325 0.00625877 0.00329171 0.00333309 0.00104189 0.000501638 0.000446941 0.000251119 0.000223201 
242 0.312585 0.435914 0.140074 0.0486399 0.0282022 0.0168175 0.00821374 0.0052521 0.00271205 0.00158976 
243 0.337943 0.410643 0.131954 0.0458202 0.04106 0.0158426 0.00773758 0.00494763 0.00255483 0.0014976 
244 0.298795 0.4608 0.133894 0.0464941 0.026958 0.0160755 0.00785137 0.00502039 0.0025924 0.00151962 
245 0.826294 0.161802 0.00452221 0.00267327 0.00270688 0.000846142 0.00040739 0.000362971 0.000203939 0.000181266 
246 0.298795 0.446094 0.1486 0.0464941 0.026958 0.0160755 0.00785137 0.00502039 0.0025924 0.00151962 
247 0.333115 0.404777 0.144355 0.0594511 0.0261878 0.0156162 0.00762704 0.00487695 0.00251833 0.0014762 
248 0.314152 0.408891 0.162094 0.0489134 0.0367543 0.0141966 0.00693368 0.00443359 0.00228939 0.001342 
249 0.312585 0.435914 0.140074 0.0486401 0.0282022 0.0168175 0.00821374 0.0052521 0.00271205 0.00158976 
250 0.307849 0.44446 0.1228 0.0630544 0.0277749 0.0165627 0.00808929 0.00517253 0.00267096 0.00156567 
251 0.320654 0.460094 0.115783 0.0451657 0.0261877 0.0156162 0.00762704 0.00487695 0.00251833 0.0014762 
252 0.337931 0.410655 0.146446 0.0458202 0.0265673 0.0158426 0.00773758 0.00494763 0.00255483 0.0014976 
253 0.118142 0.399399 0.245061 0.0969972 0.0583387 0.0497133 0.0144354 0.0112793 0.00333348 0.00330074 
254 0.307326 0.469196 0.124262 0.0433095 0.0251115 0.0149745 0.0073136 0.00467653 0.00241484 0.00141554 
255 0.366849 0.452277 0.0966555 0.0367627 0.0213156 0.0127109 0.00620806 0.00396961 0.0020498 0.00120156 
256 0.392213 0.396253 0.123207 0.0385561 0.0223554 0.0133309 0.00651089 0.00416325 0.00214979 0.00126017 
257 0.323001 0.44446 0.1228 0.047903 0.0277749 0.0165627 0.00808929 0.00517253 0.00267096 0.00156567 
258 0.532891 0.453277 0.00525468 0.00310626 0.00314531 0.000983193 0.000473376 0.000421762 0.000236971 0.000210626 
259 0.324356 0.457704 0.121369 0.0421546 0.0244419 0.0145752 0.00711857 0.00455182 0.00235044 0.00137779 
260 0.305479 0.468932 0.12212 0.0451657 0.0261877 0.0156162 0.00762704 0.00487695 0.00251833 0.0014762 
261 0.341793 0.367979 0.118244 0.118982 0.0238071 0.0141966 0.00693368 0.00443359 0.00228939 0.001342 
262 0.387925 0.415116 0.109658 0.0381299 0.0220861 0.0131703 0.00643245 0.00411309 0.00212389 0.00124499 
263 0.314325 0.441342 0.142242 0.0446083 0.0258189 0.0153963 0.00751962 0.00480826 0.00248286 0.00145541 
264 0.278748 0.361074 0.276068 0.0322612 0.0289094 0.0111546 0.00544789 0.00348354 0.00179881 0.00105443 
265 0.676699 0.235983 0.0599526 0.0171431 0.00587677 0.00183702 0.000884466 0.000788028 0.000442762 0.000393538 
266 0.312585 0.435914 0.124689 0.0640246 0.0282022 0.0168175 0.00821374 0.0052521 0.00271205 0.00158976 
267 0.35748 0.48265 0.0844251 0.0329333 0.0190952 0.0113868 0.00556139 0.00355611 0.00183628 0.0010764 
268 0.395204 0.470146 0.0711169 0.0277333 0.0160802 0.00958892 0.00468327 0.00299462 0.00154634 0.000906439 
269 0.330595 0.449866 0.1152 0.0401653 0.0357175 0.0138372 0.00675814 0.00432135 0.00223143 0.00130803 
270 0.0470755 0.207133 0.338986 0.157969 0.133409 0.0476573 0.0174987 0.0371808 0.00653951 0.00655111 
271 0.316301 0.484376 0.105261 0.0410597 0.023807 0.0141966 0.00693368 0.00443359 0.00228939 0.001342 
272 0.797307 0.193845 0.00336173 0.00198689 0.00201187 0.000628889 0.00030279 0.000269775 0.000151576 0.000134725 
273 0.31177 0.45244 0.117293 0.0661743 0.0235018 0.0140146 0.00684478 0.00437675 0.00226004 0.0013248 
274 0.323451 0.425442 0.14614 0.0458202 0.0265673 0.0158426 0.00773758 0.00494763 0.00255483 0.0014976 
275 0.129541 0.387477 0.237824 0.123654 0.0568164 0.0333042 0.0140043 0.0109426 0.00323397 0.00320221 
276 0.312585 0.451298 0.124689 0.0486399 0.0282022 0.0168175 0.00821374 0.0052521 0.00271205 0.00158976 
277 3.28196e-05 0.721748 0.115153 0.142551 0.0205154 0 0 0 0 0 
278 0.307849 0.444456 0.137955 0.0479032 0.0277749 0.0165627 0.00808929 0.00517253 0.00267096 0.00156567 
279 0.792371 0.191396 0.00616703 0.00364537 0.00369119 0.00115383 0.000555532 0.00049496 0.000278099 0.000247181 
280 0.298795 0.475506 0.119188 0.0464941 0.026958 0.0160755 0.00785137 0.00502039 0.0025924 0.00151962 
281 0.312585 0.435914 0.124689 0.0640246 0.0282022 0.0168175 0.00821374 0.0052521 0.00271205 0.00158976 
282 0.323001 0.429309 0.137952 0.047903 0.0277749 0.0165627 0.00808929 0.00517253 0.00267096 0.00156567 
283 0.450827 0.381292 0.0891555 0.0343652 0.0199255 0.0118819 0.00580319 0.00371073 0.00191612 0.0011232 
284 0.328625 0.445639 0.119225 0.0464941 0.026958 0.0160755 0.00785137 0.00502039 0.0025924 0.00151962 
285 0.471323 0.465082 0.023562 0.0167652 0.0125669 0.00271661 0.00777877 0.000206182 0 0 
286 0.755962 0.239159 0.000543116 0.000542379 0.00271321 0.000538451 0 0.000542008 0 0 
287 0.737667 0.239494 0.00867633 0.00512895 0.00519342 0.00162341 0.000781621 0.000696397 0.000391278 0.000347778 
288 0.757835 0.218782 0.00888291 0.00525106 0.00531708 0.00166206 0.000800231 0.000712978 0.000400594 0.000356059 
289 0.689129 0.280816 0.016214 0.00501238 0.00507539 0.00158652 0.000763857 0.00068057 0.000382385 0.000339874 
290 0.318829 0.447634 0.130069 0.0451657 0.0261877 0.0156162 0.00762704 0.00487695 0.00251833 0.0014762 
291 0.344018 0.483538 0.0910653 0.0355236 0.0205971 0.0122824 0.0059988 0.00383581 0.00198071 0.00116106 
292 0.328623 0.462444 0.111058 0.0427243 0.0247722 0.0147721 0.00721477 0.00461333 0.0023822 0.00139641 
293 0.358339 0.411412 0.114154 0.0445295 0.0259319 0.0293678 0.00751963 0.00480826 0.00248286 0.00145541 
294 0.422803 0.38761 0.10017 0.039032 0.0226314 0.0134955 0.00659127 0.00421465 0.00217633 0.00127573 
295 0.57898 0.4096 0.00433816 0.00256447 0.00259671 0.000811706 0.000390811 0.000348199 0.000195639 0.000173889 
296 0.048505 0.198057 0.334446 0.162687 0.137325 0.0491237 0.0180371 0.0383248 0.00674073 0.00675268 
297 0.312585 0.435914 0.140074 0.0486399 0.0282022 0.0168175 0.00821374 0.0052521 0.00271205 0.00158976 
298 0.0318384 0.695441 0.0920445 0.0890118 0.0370586 0.013693 0.0318688 0.00546577 0.0035783 0 
299 0.11293 0.440602 0.234249 0.0927179 0.0557649 0.0328145 0.0137983 0.0107817 0.00318641 0.00315512 
300 0.048505 0.198057 0.334116 0.147633 0.137333 0.0645005 0.0180371 0.0383248 0.00674073 0.00675268 
301 0.328206 0.446079 0.119203 0.0464941 0.026958 0.0160755 0.00785137 0.00502039 0.0025924 0.00151962 
302 0.337619 0.457746 0.108064 0.0421546 0.0244419 0.0145752 0.00711857 0.00455182 0.00235044 0.00137779 
303 0.114503 0.587852 0.156166 0.0618119 0.0371766 0.0218763 0.00919888 0.00718778 0.00212428 0.00210341 
304 0.124366 0.486375 0.204248 0.080831 0.0486156 0.0286075 0.0120293 0.0093994 0.0027779 0.00275062 
305 0.04777 0.195056 0.329054 0.145398 0.164835 0.0490902 0.0177638 0.0377442 0.0066386 0.00665037 
306 0.312585 0.435914 0.124689 0.0640245 0.0282022 0.0168175 0.00821374 0.0052521 0.00271205 0.00158976 
307 0.403616 0.399424 0.0976578 0.0501316 0.0220861 0.0131703 0.00643245 0.00411309 0.00212389 0.00124499 
308 0.37368 0.429494 0.10951 0.0387309 0.0218231 0.0130135 0.00635587 0.00406413 0.00209861 0.00123017 
309 0.28617 0.482819 0.129001 0.0445295 0.0258189 0.0153963 0.00751962 0.00480826 0.00248286 0.00145541 
310 0.127636 0.396484 0.263661 0.0927179 0.0557649 0.0328145 0.0137983 0.0107817 0.00318641 0.00315512 
311 0.28617 0.465755 0.146064 0.0445295 0.0258189 0.0153963 0.00751962 0.00480826 0.00248286 0.00145541 
312 0.312585 0.435914 0.140074 0.0486399 0.0282022 0.0168175 0.00821374 0.0052521 0.00271205 0.00158976 
313 0.346294 0.438608 0.119799 0.0415999 0.0241203 0.0143834 0.00702491 0.00449193 0.00231951 0.00135966 
314 0.323001 0.429309 0.122814 0.0630359 0.0277794 0.0165627 0.00808929 0.00517253 0.00267096 0.00156567 
315 0.319974 0.464927 0.119799 0.0416001 0.0241203 0.0143834 0.00702491 0.00449193 0.00231951 0.00135966 
316 0.695113 0.276827 0.0106602 0.00630128 0.00638049 0.00199448 0.000960278 0.000855574 0.000480713 0.00042727 
317 0.7094 0.24651 0.0124128 0.0205785 0.00638061 0.00199448 0.000960277 0.000855574 0.000480713 0.00042727 
318 0.307849 0.459612 0.1228 0.047903 0.0277749 0.0165627 0.00808929 0.00517253 0.00267096 0.00156567 
319 0.906104 0.0856422 0.00313581 0.00185332 0.00187662 0.000586611 0.000282435 0.000251639 0.000141386 0.000125668 
320 0.118142 0.399399 0.245061 0.0969972 0.0583389 0.0497134 0.0144352 0.0112793 0.00333348 0.00330074 
321 0.048505 0.198057 0.334116 0.147633 0.137325 0.0491253 0.0334201 0.0383249 0.00674073 0.00675268 
322 0.284241 0.511125 0.108064 0.0421546 0.0244419 0.0145752 0.00711857 0.00455182 0.00235044 0.00137779 
323 0.65067 0.314043 0.0207874 0.00525106 0.00531708 0.00166206 0.000800231 0.000712978 0.000400594 0.000356059 
324 0.0509264 0.151077 0.277072 0.365242 0.0740132 0.0400392 0.0283466 0.0132835 0 0 
325 0.830345 0.153697 0.00591282 0.004207 0.00315348 0.000681697 0.00195198 5.17386e-05 0 0 
326 0.250394 0.521775 0.125145 0.0573358 0.0203722 0.012146 0.00593214 0.00379319 0.0019587 0.00114816 
327 0.342912 0.416682 0.133894 0.0464941 0.026958 0.0160755 0.00785137 0.00502039 0.0025924 0.00151962 
328 0.116352 0.393348 0.271651 0.0955276 0.0574548 0.0338089 0.0142165 0.0111084 0.00328297 0.00325073 
329 0.307849 0.459612 0.1228 0.047903 0.0277749 0.0165627 0.00808929 0.00517253 0.00267096 0.00156567 
330 0.307849 0.44446 0.137952 0.047903 0.0277749 0.0165627 0.00808929 0.00517253 0.00267096 0.00156567 
331 0.0629215 0.195056 0.329054 0.160548 0.135245 0.0483794 0.0177638 0.0377442 0.0066386 0.00665037 
332 0.333105 0.437827 0.120967 0.047188 0.0273603 0.0163155 0.00796855 0.00509532 0.00263109 0.0015423 
333 0.323001 0.44446 0.1228 0.047903 0.0277749 0.0165627 0.00808929 0.00517253 0.00267096 0.00156567 
334 0.4537 0.398727 0.0779308 0.0304 0.0176264 0.0105109 0.00513359 0.00328256 0.00169503 0.000993597 
335 0.769504 0.21399 0.00627032 0.00370663 0.00375323 0.00117322 0.000564869 0.000503279 0.000282772 0.000251335 
336 0.532743 0.454247 0.00494311 0.00292112 0.00295784 0.000924592 0.000445162 0.000396623 0.000222847 0.000198072 
337 0.312585 0.435914 0.124689 0.0486399 0.0282022 0.0197723 0.0206436 0.0052521 0.00271205 0.00158976 
338 0.313501 0.446094 0.133894 0.0464941 0.026958 0.0160755 0.00785137 0.00502039 0.0025924 0.00151962 
339 0.352901 0.427848 0.115783 0.0451657 0.0261877 0.0156162 0.00762704 0.00487695 0.00251833 0.0014762 
340 0.405987 0.423467 0.0900705 0.0351288 0.0203682 0.012146 0.00593214 0.00379319 0.0019587 0.00114816 
341 0.307849 0.44446 0.137952 0.047903 0.0277749 0.0165627 0.00808929 0.00517253 0.00267096 0.00156567 
342 0.133646 0.438751 0.224351 0.0888002 0.0534087 0.0314279 0.0132153 0.0103261 0.00305178 0.0030218 
343 0.694383 0.272683 0.0194004 0.00490099 0.00496261 0.00155126 0.000746882 0.000665446 0.000373888 0.000332321 
344 0.382659 0.36047 0.173621 0.0363405 0.0210706 0.0125648 0.0061367 0.00392399 0.00202624 0.00118775 
345 0.3389 0.455753 0.107218 0.0495424 0.0218231 0.0130135 0.00635587 0.00406413 0.00209861 0.00123017 
346 0.342491 0.441346 0.114152 0.0445295 0.0258189 0.0153963 0.00751962 0.00480826 0.00248286 0.00145541 
347 0.329975 0.447572 0.117486 0.0458202 0.0265673 0.0158426 0.00773758 0.00494763 0.00255483 0.0014976 
348 0.363466 0.378566 0.149064 0.054488 0.0244419 0.0145752 0.00711857 0.00455182 0.00235044 0.00137779 
349 0.199575 0.658315 0.0750471 0.029274 0.0169735 0.0101216 0.00494345 0.00316099 0.00163225 0.000956797 
350 0.323001 0.429309 0.1228 0.047903 0.0277749 0.0165635 0.0232399 0.00517253 0.00267096 0.00156567 
351 0.312585 0.435914 0.124689 0.0639884 0.0282383 0.0168175 0.00821374 0.0052521 0.00271205 0.00158976 
352 0.3401 0.447597 0.118242 0.0410597 0.023807 0.0141966 0.00693368 0.00443359 0.00228939 0.001342 
353 0.356591 0.413161 0.114152 0.0445295 0.0258942 0.0294054 0.00751971 0.00480826 0.00248286 0.00145541 
354 0.678429 0.313054 0.00324422 0.00190948 0.00193348 0.000604387 0.000290993 0.000259265 0.000145671 0.000129476 
355 0.375872 0.427364 0.103908 0.0405333 0.0235018 0.0140146 0.00684478 0.00437675 0.00226004 0.0013248 
356 0.312585 0.435914 0.140074 0.0486399 0.0282022 0.0168175 0.00821374 0.0052521 0.00271205 0.00158976 
357 0.312585 0.451298 0.124689 0.0486399 0.0282022 0.0168175 0.00821374 0.0052521 0.00271205 0.00158976 
358 0.362757 0.432608 0.108064 0.0421546 0.0244419 0.0145752 0.00711857 0.00455182 0.00235044 0.00137779 
359 0.118142 0.399399 0.245063 0.11238 0.0583387 0.034329 0.0144352 0.0112793 0.00333348 0.00330074 
360 0.318773 0.447682 0.130076 0.0451657 0.0261877 0.0156162 0.00762704 0.00487695 0.00251833 0.0014762 
361 0.312585 0.435914 0.124689 0.0507023 0.0415245 0.0168175 0.00821374 0.0052521 0.00271205 0.00158976 
362 0.470359 0.280849 0.237514 0.00408433 0.0041355 0.00129272 0.000622402 0.000554538 0.000311573 0.000276934 
363 0.377089 0.443267 0.100053 0.0347428 0.0201444 0.0120125 0.00586696 0.0037515 0.00193718 0.00113554 
364 0.118142 0.399399 0.260445 0.0969972 0.0583387 0.034329 0.0144352 0.0112793 0.00333348 0.00330074 
365 0.312585 0.451297 0.12469 0.0486399 0.0282022 0.0168175 0.00821374 0.0052521 0.00271205 0.00158976 
366 0.702433 0.267349 0.0114794 0.00678599 0.0068713 0.0021479 0.00103414 0.000921387 0.000517691 0.000460137 
367 0.718851 0.252683 0.0108141 0.0063926 0.00647296 0.00202338 0.000974195 0.000867973 0.00048768 0.000433463 
368 0.301782 0.461786 0.131464 0.0458202 0.0265673 0.0158426 0.00773758 0.00494763 0.00255483 0.0014976 
369 0.312585 0.435914 0.124689 0.0486399 0.0282022 0.0322021 0.00821374 0.0052521 0.00271205 0.00158976 
370 0.307849 0.429309 0.137952 0.0630545 0.0277749 0.0165627 0.00808929 0.00517253 0.00267096 0.00156567 
371 0.328206 0.446094 0.119188 0.0464941 0.026958 0.0160755 0.00785137 0.00502039 0.0025924 0.00151962 
372 0.118142 0.399399 0.260445 0.0969972 0.0583387 0.034329 0.0144352 0.0112793 0.00333348 0.00330074 
373 0.342873 0.42688 0.114152 0.0445296 0.0399033 0.0153963 0.00751962 0.00480826 0.00248286 0.00145541 
374 0.350172 0.453064 0.103908 0.0405333 0.0235018 0.0140146 0.00684478 0.00437675 0.00226004 0.0013248 
375 0.328185 0.446112 0.119192 0.0464941 0.026958 0.0160755 0.00785137 0.00502039 0.0025924 0.00151962 
376 0.487281 0.347691 0.0871486 0.0339957 0.0197112 0.0117542 0.00574078 0.00367082 0.00189552 0.00111112 
377 0.317364 0.467536 0.106642 0.0415999 0.0241203 0.0144423 0.0201225 0.00449332 0.00231951 0.00135966 
378 0.303975 0.50418 0.10131 0.03952 0.0229143 0.0136642 0.00667366 0.00426733 0.00220354 0.00129168 
379 0.451093 0.385622 0.086234 0.033634 0.0195015 0.0116291 0.00567971 0.00363177 0.00187535 0.0010993 
380 0.118142 0.399399 0.245061 0.0969972 0.0583387 0.034329 0.0144352 0.0112793 0.00335248 0.0186663 
