2 0.790922 0.163175 0.0374083 0.00353707 0.00180963 0.00064888 0.00153155 0.000358334 0.000246704 0.000363033 
3 0.967959 0.0279171 0.00146716 0.000960575 0.000645714 0.000464062 0.000311298 0.000119431 7.17008e-05 8.35965e-05 
4 0.628078 0.223453 0.0939839 0.0166623 0.0138697 0.00923218 0.00555119 0.00400141 0.00302904 0.00213859 
5 0.828264 0.123534 0.0269111 0.00769915 0.00517549 0.00371953 0.0024951 0.000957258 0.000574693 0.000670038 
6 0.647396 0.229846 0.066597 0.017175 0.0142964 0.00951625 0.005722 0.00412453 0.00312224 0.00220439 
7 0.519123 0.307894 0.0652615 0.0394383 0.0267116 0.0176144 0.0104919 0.00504176 0.00457916 0.003845 
8 0.632019 0.229838 0.066597 0.017175 0.0176325 0.0215648 0.005722 0.00412453 0.00312224 0.00220439 
9 0.926695 0.0677373 0.0034876 0.000865972 0.000443047 0.000158864 0.000374966 8.77301e-05 6.04e-05 8.88805e-05 
10 0.773471 0.195806 0.0109314 0.00715696 0.00481102 0.00345759 0.00231939 0.000889845 0.000534221 0.000622852 
11 0.323636 0.336021 0.140578 0.0740136 0.0431252 0.0230044 0.0320251 0.0106321 0.00989152 0.00707252 
12 0.825621 0.125435 0.027324 0.00781863 0.00525512 0.00377675 0.00253348 0.000971985 0.000583534 0.000680347 
13 0.982013 0.0175847 0.000164603 9.84126e-05 6.47899e-05 1.48985e-05 4.46954e-05 1.48981e-05 0 0 
14 0.813742 0.149145 0.020134 0.00519243 0.00432217 0.00287701 0.00172991 0.00124695 0.000943933 0.000666444 
15 0.629226 0.354079 0.00605005 0.00384958 0.00258775 0.00185977 0.00124755 0.000478629 0.000287346 0.000335019 
16 0.622444 0.256659 0.0655879 0.0169147 0.0140798 0.00937206 0.0056353 0.00406204 0.00307493 0.00217099 
17 0.919735 0.061875 0.00448641 0.00871759 0.00197447 0.00141901 0.000951887 0.000365197 0.000219247 0.000255622 
18 0.879179 0.107188 0.00485081 0.0031759 0.00213489 0.00153431 0.00102923 0.000394869 0.000237061 0.000276391 
19 0.375446 0.393559 0.0968431 0.0410298 0.0313643 0.0286675 0.0109265 0.0107236 0.0065042 0.00493576 
20 0.545684 0.281866 0.0597464 0.0361055 0.0385387 0.0161259 0.00960531 0.00461569 0.00419219 0.00352007 
21 0.992617 0.0064279 0.000499877 0.000189533 9.69686e-05 3.47701e-05 8.20679e-05 1.92013e-05 1.32196e-05 1.94531e-05 
22 0.904714 0.0870409 0.00457561 0.00132675 0.00089186 0.000640963 0.000429965 0.000164958 9.90332e-05 0.000115463 
23 0.513973 0.348455 0.0587841 0.028918 0.0195084 0.0128644 0.00766266 0.00368218 0.00334433 0.00280815 
24 0.624468 0.259791 0.0628356 0.0161793 0.0134676 0.00896458 0.00539029 0.00388543 0.00294124 0.0020766 
25 0.971307 0.0275097 0.000619651 0.000234922 0.00012019 4.30968e-05 0.000101721 2.37995e-05 1.63854e-05 2.41116e-05 
26 0.996639 0.00277134 0.000209651 0.000137262 9.22696e-05 6.63124e-05 4.4483e-05 1.70662e-05 1.02457e-05 1.19456e-05 
27 0.295524 0.336048 0.134839 0.0808456 0.047106 0.0251282 0.0503656 0.0116136 0.0108046 0.00772537 
28 0.994662 0.00458953 0.000391915 0.000148598 7.60256e-05 2.72606e-05 6.43431e-05 1.50542e-05 1.03645e-05 1.52517e-05 
29 0.450952 0.433132 0.0437319 0.0264277 0.0178995 0.0118034 0.00703069 0.0033785 0.00306851 0.00257655 
30 0.632019 0.229838 0.066597 0.0171823 0.0296737 0.00951625 0.005722 0.00412453 0.00312224 0.00220439 
31 0.802336 0.167824 0.0177114 0.00370996 0.00308727 0.002055 0.00123565 0.000890679 0.000674238 0.000476032 
32 0.574161 0.32853 0.0527903 0.0136143 0.0113325 0.00754337 0.00453573 0.00326944 0.00247495 0.00174738 
33 0.574426 0.415333 0.00364382 0.00238565 0.00160367 0.00115253 0.000773129 0.000296615 0.000178074 0.000207617 
34 0.365446 0.42932 0.0878231 0.0403473 0.0251563 0.0195573 0.017134 0.00671434 0.00476453 0.00373683 
35 0.863725 0.101792 0.0139817 0.00725616 0.00480899 0.00325283 0.00230752 0.00132981 0.00083935 0.000706495 
36 0.420606 0.360677 0.0886818 0.0460248 0.0305027 0.0206322 0.0146363 0.00843482 0.00532388 0.0044812 
37 0.575356 0.319521 0.0570907 0.0146891 0.0122272 0.0081389 0.00489382 0.00352756 0.00267034 0.00188534 
38 0.521215 0.473377 0.00283069 0.00107321 0.000549075 0.000196882 0.000464701 0.000108725 7.48548e-05 0.000110151 
39 0.773628 0.211431 0.005316 0.00348044 0.00233961 0.00168143 0.00112792 0.000432733 0.000259793 0.000302894 
40 0.494186 0.351165 0.0627041 0.0325428 0.0215676 0.0145884 0.0103489 0.00596401 0.00376436 0.00316852 
41 0.547995 0.295031 0.0543846 0.0456858 0.0222596 0.0146786 0.00874329 0.00420146 0.00381597 0.00320417 
42 0.388897 0.380591 0.0865862 0.0417836 0.0509664 0.0192819 0.0168927 0.00661978 0.00469742 0.0036842 
43 0.615952 0.282747 0.0382206 0.0230945 0.0156419 0.0103147 0.00614393 0.00295238 0.00268149 0.00225158 
44 0.644898 0.245797 0.0592987 0.0152928 0.0127297 0.00847337 0.00509493 0.00367253 0.00278008 0.00196281 
45 0.638859 0.216515 0.0917218 0.0161793 0.0134676 0.00896458 0.00539029 0.00388543 0.00294124 0.0020766 
46 0.736525 0.234569 0.014567 0.00518514 0.00348554 0.00250499 0.00168037 0.000644684 0.000387038 0.00045125 
47 0.983568 0.0162794 6.25972e-05 3.73889e-05 2.4615e-05 5.66023e-06 1.69807e-05 5.66007e-06 0 0 
48 0.379235 0.39697 0.105601 0.0362136 0.0225761 0.0176418 0.0281068 0.0060257 0.00427586 0.00335357 
49 0.268671 0.704185 0.015649 0.00395009 0.00246285 0.0019147 0.00167746 0.000657348 0.000466457 0.000365844 
50 0.357291 0.425037 0.0931457 0.0427926 0.0266809 0.0207426 0.0181725 0.00712127 0.00505329 0.00396331 
51 0.840464 0.113678 0.0248783 0.00641594 0.00534061 0.00355492 0.00213753 0.00154077 0.00116635 0.00082348 
52 0.390287 0.413428 0.079586 0.0413043 0.0273742 0.0185161 0.0131351 0.00756971 0.00477784 0.00402159 
53 0.594404 0.244085 0.0684305 0.0389535 0.0211738 0.0139626 0.00831679 0.00399651 0.00362983 0.00304787 
54 0.710291 0.18993 0.0576625 0.0129888 0.0106812 0.00710984 0.00427506 0.00308154 0.00233271 0.00164696 
55 0.934465 0.061316 0.00150122 0.000982871 0.000660701 0.000474834 0.000318523 0.000122203 7.3365e-05 8.55368e-05 
56 0.801786 0.197548 0.000272229 0.000162759 0.000107153 2.46398e-05 7.39193e-05 2.46391e-05 0 0 
57 0.649746 0.228912 0.0720108 0.0150861 0.0125577 0.00835887 0.00502608 0.0036229 0.00274251 0.00193629 
58 0.295524 0.336048 0.134839 0.0808456 0.047106 0.0251279 0.0349813 0.0116142 0.0261886 0.00772537 
59 0.647365 0.229877 0.066597 0.017175 0.0142964 0.00951625 0.005722 0.00412453 0.00312224 0.00220439 
60 0.27055 0.392157 0.137528 0.0740136 0.0431252 0.0230044 0.0320251 0.0106321 0.00989152 0.00707252 
61 0.412126 0.398859 0.0766383 0.0397745 0.0263604 0.0178303 0.0126486 0.00728935 0.00460089 0.00387264 
62 0.291141 0.33274 0.142239 0.100384 0.040742 0.0515537 0.0212925 0.00762966 0.00575811 0.00651896 
63 0.879621 0.116015 0.00228392 0.000865973 0.000443047 0.000158864 0.000374966 8.77301e-05 6.04001e-05 8.88805e-05 
64 0.331347 0.370065 0.125224 0.0530232 0.0405323 0.0370472 0.0141205 0.0138581 0.00840543 0.00637852 
65 0.481524 0.338422 0.0770846 0.0376984 0.0255331 0.0168373 0.0100291 0.00481932 0.00437714 0.00367537 
66 0.377749 0.374963 0.103056 0.0602215 0.0305028 0.0206322 0.0146363 0.00843482 0.00532388 0.0044812 
67 0.418271 0.327482 0.105681 0.0620843 0.0313999 0.021239 0.0150667 0.0086829 0.00548047 0.004613 
68 0.331347 0.369442 0.125847 0.0530232 0.0405323 0.0370472 0.0141205 0.0138581 0.00840543 0.00637852 
69 0.357009 0.420291 0.0890965 0.0554242 0.0255209 0.0198408 0.0173823 0.00681165 0.00483358 0.00379099 
70 0.363262 0.505484 0.108178 0.0141216 0.00328363 0.00218571 0.00131424 0.00094733 0.000717122 0.000506309 
71 0.372721 0.427746 0.0853836 0.0392266 0.0244575 0.0190141 0.0166581 0.00652784 0.00463218 0.00363303 
72 0.381297 0.303679 0.13165 0.071572 0.0341214 0.0431762 0.0178325 0.00638984 0.00482241 0.00545963 
73 0.504879 0.322671 0.0597729 0.050164 0.0244542 0.0161258 0.00960531 0.00461569 0.00419219 0.00352007 
74 0.489732 0.347311 0.0614802 0.037152 0.0251631 0.0165932 0.00988372 0.00474948 0.00431371 0.0036221 
75 0.331347 0.354753 0.125151 0.0530232 0.0405323 0.0524318 0.0141205 0.0138581 0.00840543 0.00637852 
76 0.773972 0.223835 0.000537971 0.00103638 0.000235421 0.000169186 0.000113492 4.35417e-05 2.61404e-05 3.04773e-05 
77 0.930838 0.0622846 0.00359966 0.00136485 0.00069828 0.000250383 0.000590979 0.00013827 9.51957e-05 0.000140083 
78 0.251813 0.442646 0.0780858 0.0635851 0.0612682 0.0297484 0.0363805 0.0253579 0.00738767 0.00372725 
79 0.827555 0.170263 0.00114225 0.000432986 0.000221523 7.94318e-05 0.000187483 4.38651e-05 3.02e-05 4.44403e-05 
80 0.39469 0.361864 0.107587 0.0480856 0.0318685 0.021556 0.0152916 0.0088125 0.00556226 0.00468185 
81 0.474545 0.333518 0.0904594 0.037152 0.0251631 0.0165932 0.00988372 0.00474948 0.00431371 0.0036221 
82 0.540587 0.371729 0.0475693 0.0122678 0.0102117 0.00679732 0.00408714 0.00294609 0.00223017 0.00157457 
83 0.825621 0.125435 0.0271035 0.00803914 0.00525512 0.00377675 0.00253348 0.000971985 0.000583534 0.000680347 
84 0.476729 0.313154 0.107842 0.0361994 0.0239909 0.0162276 0.0115117 0.00663413 0.00418732 0.00352454 
85 0.828264 0.123534 0.0117595 0.00769915 0.00517549 0.00371953 0.00250476 0.016097 0.000576797 0.000670038 
86 0.946056 0.0384989 0.00838451 0.00215933 0.00179742 0.00119643 0.0007194 0.000518557 0.000392544 0.000277148 
87 0.290304 0.355643 0.142298 0.0773793 0.0503973 0.046677 0.0192784 0.00690794 0.00521342 0.0059023 
88 0.704701 0.184484 0.0657475 0.0137824 0.0114724 0.0076365 0.00459173 0.00330981 0.0025055 0.00176896 
89 0.632019 0.229838 0.066597 0.017175 0.029681 0.00951626 0.005722 0.00412453 0.00312224 0.00220439 
90 0.362788 0.400806 0.0945787 0.043451 0.0424754 0.0210623 0.018452 0.00723083 0.00513103 0.00402428 
91 0.372443 0.394734 0.0931457 0.0427926 0.0266809 0.0358941 0.0181725 0.00712127 0.00505329 0.00396331 
92 0.732879 0.256583 0.00374959 0.0024548 0.00165016 0.00118594 0.000795539 0.000305213 0.000183235 0.000213635 
93 0.511267 0.303219 0.0642727 0.0388408 0.0263069 0.032499 0.010333 0.00496537 0.00450978 0.00378674 
94 0.83573 0.118163 0.0112483 0.0218572 0.00495047 0.00355781 0.00238662 0.000915638 0.000549706 0.000640906 
95 0.622443 0.256659 0.0655881 0.0169147 0.0140798 0.00937206 0.0056353 0.00406204 0.00307493 0.00217099 
96 0.510623 0.328749 0.0606 0.0366213 0.0248036 0.0163562 0.00974253 0.00468163 0.00425208 0.00357036 
97 0.291046 0.330957 0.163099 0.0796207 0.0463922 0.0247472 0.0344513 0.0114376 0.0106409 0.00760832 
98 0.26933 0.342978 0.146616 0.0880886 0.0419957 0.0685244 0.0219477 0.00786442 0.00593528 0.00671954 
99 0.824272 0.147026 0.0102122 0.00668611 0.00449451 0.00323012 0.0021668 0.000831303 0.000499075 0.000581875 
100 0.32883 0.355405 0.216638 0.0303797 0.0296755 0.0147219 0.0128966 0.00505381 0.0035862 0.00281267 
101 0.74296 0.230759 0.00935096 0.00612222 0.00411545 0.0029577 0.00198405 0.000761193 0.000456985 0.000532801 
102 0.199778 0.304697 0.166397 0.0951448 0.0769516 0.0728095 0.0366673 0.0182349 0.0124599 0.0168603 
103 0.681262 0.27317 0.0270376 0.00566694 0.00471709 0.00313988 0.00188797 0.00136089 0.00103018 0.000727337 
104 0.436215 0.327405 0.0899668 0.0466918 0.0312793 0.0350641 0.0148738 0.00855706 0.00540104 0.00454614 
105 0.26933 0.342978 0.146616 0.0880886 0.0419956 0.0531497 0.0371533 0.00803354 0.00593528 0.00671954 
106 0.925911 0.0695036 0.00239978 0.000909899 0.00046552 0.000166922 0.000393986 9.21801e-05 6.34638e-05 9.33889e-05 
107 0.508371 0.483817 0.00408876 0.0015502 0.000793109 0.000284386 0.000671235 0.000157048 0.000108124 0.000159107 
108 0.91507 0.0758538 0.00324511 0.00210848 0.00141735 0.00101863 0.000683305 0.000262154 0.000157385 0.000183496 
109 0.509065 0.353814 0.0517317 0.0312621 0.0211738 0.0139626 0.00831679 0.00399651 0.00362983 0.00304787 
110 0.709432 0.201151 0.0621745 0.00833114 0.00693483 0.00461609 0.0027756 0.0020007 0.00151452 0.00106929 
111 0.331347 0.354753 0.125151 0.0530848 0.0558552 0.0370473 0.0141205 0.0138581 0.00840543 0.00637852 
112 0.701529 0.202904 0.0643665 0.00954165 0.00794245 0.0052868 0.00317889 0.00229141 0.00173458 0.00122466 
113 0.542125 0.31185 0.0550909 0.0332921 0.0225487 0.0148693 0.00885684 0.00425603 0.00386553 0.00324578 
114 0.632019 0.245223 0.066597 0.017175 0.0142964 0.00951625 0.005722 0.00412453 0.00312224 0.00220439 
115 0.4286 0.400663 0.0794173 0.0313812 0.019566 0.0152112 0.0133265 0.00522227 0.00370574 0.00290643 
116 0.583957 0.388144 0.0151357 0.0039034 0.00324919 0.00216278 0.00130045 0.000937393 0.0007096 0.000500998 
117 0.940581 0.0507245 0.00651737 0.000906614 0.00046384 0.000166319 0.000392563 9.18474e-05 6.32347e-05 9.30518e-05 
118 0.362788 0.400806 0.0946033 0.0587497 0.0271527 0.0210617 0.018452 0.00723083 0.00513103 0.00402428 
119 0.376165 0.397859 0.0904061 0.041534 0.040602 0.0201325 0.017638 0.00691183 0.00490466 0.00384674 
120 0.674748 0.291454 0.018458 0.0057967 0.00363386 0.00261159 0.00175188 0.000672117 0.000403508 0.000470452 
121 0.341478 0.349378 0.138406 0.0522198 0.0399181 0.0364859 0.0139065 0.0136482 0.00827808 0.00628188 
122 0.273812 0.355722 0.0797199 0.106503 0.0584696 0.0445243 0.0282589 0.0206204 0.0275304 0.00484069 
123 0.835115 0.144685 0.010959 0.00282626 0.00235257 0.00156597 0.000941595 0.00067872 0.000513786 0.000362748 
124 0.423397 0.344814 0.116568 0.0407815 0.0270277 0.0182817 0.0129688 0.00747389 0.00471736 0.00397068 
125 0.362785 0.304578 0.1302 0.0833578 0.0408608 0.0217775 0.0303171 0.0100651 0.00936397 0.00669532 
126 0.73066 0.218191 0.0277487 0.00715624 0.00595684 0.0039651 0.00238417 0.00171855 0.00130093 0.000918497 
127 0.320063 0.34247 0.12889 0.0772789 0.0450278 0.0240193 0.033438 0.0111012 0.0103279 0.00738454 
128 0.372443 0.394734 0.108297 0.0427926 0.0266809 0.0207426 0.0181725 0.00712127 0.00505329 0.00396331 
129 0.406806 0.342267 0.0955032 0.0495652 0.0482336 0.0222193 0.0157621 0.00908365 0.00573341 0.0048259 
130 0.306188 0.330966 0.147842 0.0797254 0.0463922 0.0247472 0.0344513 0.0114376 0.0106409 0.00760832 
131 0.366884 0.403767 0.106438 0.0423965 0.0262827 0.020433 0.0179012 0.00701499 0.00497786 0.00390415 
132 0.638122 0.247388 0.0658179 0.014885 0.0123902 0.00824742 0.00495907 0.00357459 0.00270594 0.00191047 
133 0.537993 0.335671 0.0476629 0.0288033 0.0195084 0.0128644 0.00766266 0.00368218 0.00334433 0.00280815 
134 0.846175 0.144994 0.00314223 0.00205726 0.00138293 0.000993883 0.000666707 0.000255786 0.000153562 0.000179039 
135 0.432975 0.341873 0.0912914 0.0473785 0.0313999 0.021239 0.0150667 0.0086829 0.00548047 0.004613 
136 0.653351 0.216514 0.0627363 0.0161793 0.0134676 0.00896458 0.00539029 0.0183782 0.00294124 0.0020766 
137 0.401243 0.368245 0.0865861 0.067948 0.024802 0.0192819 0.0168927 0.00661978 0.00469742 0.0036842 
138 0.831033 0.125387 0.0243305 0.00696088 0.00467921 0.00336286 0.00225584 0.000865466 0.000519585 0.000605788 
139 0.530901 0.301652 0.0799223 0.0320438 0.0217031 0.0143117 0.00852471 0.00409643 0.00372057 0.00312406 
140 0.815846 0.159365 0.00881966 0.00577436 0.00388162 0.00278965 0.00187132 0.000717943 0.000431019 0.000502529 
141 0.280401 0.337782 0.144395 0.101905 0.0413593 0.0523348 0.0216151 0.00774526 0.00584535 0.00661773 
142 0.401224 0.414592 0.0788156 0.0362091 0.0225761 0.0175514 0.0153767 0.00602569 0.00427586 0.00335357 
143 0.406953 0.406468 0.0798423 0.0366794 0.0228693 0.0177794 0.0155764 0.00610395 0.00433139 0.00339712 
144 0.792951 0.165129 0.0341872 0.00321964 0.00164722 0.000590647 0.0013941 0.000326176 0.000224564 0.000330453 
145 0.637595 0.226356 0.0655966 0.0320221 0.0141152 0.00937206 0.0056353 0.00406204 0.00307493 0.00217099 
146 0.374383 0.423205 0.0866549 0.039779 0.024802 0.0192819 0.0168927 0.00661978 0.00469742 0.0036842 
147 0.52208 0.318908 0.0680779 0.0332921 0.0225487 0.0148693 0.00885684 0.00425603 0.00386553 0.00324578 
148 0.370687 0.4211 0.0891004 0.0409321 0.0255209 0.0198408 0.0173823 0.00681165 0.00483358 0.00379099 
149 0.819586 0.154751 0.00913094 0.00597817 0.00401862 0.00288811 0.00193737 0.000743283 0.000446232 0.000520265 
150 0.262639 0.361194 0.0809464 0.108141 0.05937 0.0605931 0.0286936 0.0209236 0.0126301 0.00486845 
151 0.687725 0.216139 0.0521545 0.0134503 0.011196 0.00745248 0.00448108 0.00323005 0.00244513 0.00172633 
152 0.648254 0.219699 0.0636589 0.0164173 0.0136657 0.0236304 0.00564148 0.00394256 0.00298449 0.00210714 
153 0.265249 0.337805 0.159523 0.0867539 0.0565108 0.0523348 0.0216151 0.00774526 0.00584535 0.00661773 
154 0.648254 0.219699 0.0636589 0.0311231 0.0136657 0.00909641 0.00546956 0.00394256 0.00298449 0.00210714 
155 0.503636 0.313618 0.0633141 0.0382611 0.0259142 0.0170886 0.0102769 0.0197185 0.0044425 0.00373022 
156 0.583193 0.311723 0.0396448 0.0239579 0.0162266 0.0107003 0.00637361 0.00306275 0.00278174 0.00233575 
157 0.445715 0.350149 0.0827698 0.0429565 0.0284692 0.0192567 0.0136605 0.0078725 0.00496896 0.00418245 
158 0.503748 0.307884 0.0652615 0.0394383 0.0267116 0.032999 0.010492 0.00504176 0.00457917 0.003845 
159 0.406806 0.342267 0.0955032 0.0495651 0.0328491 0.0222193 0.0157621 0.00908365 0.00573342 0.0202105 
160 0.372443 0.394734 0.0931457 0.0493305 0.0352945 0.0207426 0.0181725 0.00712127 0.00505329 0.00396331 
161 0.537136 0.310126 0.0683776 0.0308854 0.0209187 0.0137944 0.00821659 0.00394836 0.00358609 0.00301114 
162 0.700964 0.281585 0.00620905 0.00406515 0.00273266 0.00196391 0.00131741 0.000505432 0.000303438 0.00035378 
163 0.26067 0.421781 0.0813242 0.0912879 0.0501168 0.0381637 0.0242219 0.0176628 0.0106618 0.00410973 
164 0.551659 0.292176 0.0589166 0.035604 0.0241146 0.0159019 0.0094719 0.00455158 0.00413397 0.00347118 
165 0.676526 0.212619 0.053442 0.0138013 0.0237991 0.0076365 0.00459173 0.00330981 0.0025055 0.00176896 
166 0.63202 0.245222 0.066597 0.017175 0.0142964 0.00951625 0.005722 0.00412453 0.00312224 0.00220439 
167 0.828264 0.138686 0.0117595 0.00769915 0.00517549 0.00371953 0.0024951 0.000957258 0.000574693 0.000670038 
168 0.632019 0.229838 0.066597 0.017175 0.0142965 0.0249 0.00572279 0.00412453 0.00312224 0.00220439 
169 0.826297 0.140143 0.0119405 0.0078176 0.00525512 0.00377675 0.00253348 0.000971985 0.000583534 0.000680347 
170 0.84033 0.12611 0.0119405 0.0078176 0.00525512 0.00377675 0.00253348 0.000971985 0.000583534 0.000680347 
171 0.632019 0.229838 0.066597 0.017175 0.0142965 0.0249008 0.005722 0.00412453 0.00312224 0.00220439 
172 0.298496 0.519651 0.0778179 0.0357508 0.0222904 0.0173293 0.015182 0.00594942 0.00422173 0.00331112 
173 0.316306 0.507714 0.0713533 0.0370314 0.0245424 0.0166006 0.0117763 0.00678664 0.00428358 0.00360556 
174 0.374392 0.40918 0.0865862 0.0538635 0.024802 0.0192819 0.0168927 0.00661978 0.00469742 0.0036842 
175 0.522954 0.474421 0.00107389 0.000642057 0.000422698 9.71999e-05 0.000291599 9.71971e-05 0 0 
176 0.49623 0.338408 0.0623924 0.0376984 0.0255331 0.0168373 0.0100291 0.00481933 0.00437714 0.00367537 
177 0.503441 0.324109 0.0597464 0.0362455 0.0383987 0.0161258 0.00960531 0.00461569 0.00419219 0.00352007 
178 0.277232 0.397538 0.134712 0.0743605 0.0354508 0.0448584 0.0185273 0.0066388 0.0050103 0.00567234 
179 0.503748 0.323268 0.0652616 0.0394383 0.0267116 0.0176144 0.0104919 0.00504176 0.00457916 0.003845 
180 0.0488319 0.527723 0.218076 0.0522591 0 0.15311 0 0 0 0 
181 0.839779 0.12893 0.0169757 0.00437793 0.00364418 0.00242571 0.00145855 0.00105135 0.000795865 0.000561904 
182 0.482698 0.329908 0.0749709 0.0344428 0.03367 0.0166953 0.0146266 0.00573176 0.00406728 0.00318998 
183 0.97564 0.0217287 0.00137722 0.000522104 0.000267118 9.57805e-05 0.000226071 5.28934e-05 3.64158e-05 5.3587e-05 
184 0.689319 0.244149 0.0251006 0.0151686 0.0102737 0.00677476 0.00403537 0.00193914 0.00176122 0.00147885 
185 0.503742 0.313513 0.0782387 0.0382611 0.0259142 0.0170886 0.0101788 0.00489126 0.00444247 0.00373022 
186 0.291046 0.346108 0.132799 0.0947526 0.0464082 0.0247472 0.0344513 0.0114376 0.0106409 0.00760832 
187 0.377546 0.432746 0.0882422 0.0348681 0.02174 0.0169014 0.0148072 0.00580252 0.00411749 0.00322936 
188 0.432586 0.349944 0.0829155 0.0561437 0.0284692 0.0192567 0.0136605 0.0078725 0.00496896 0.00418245 
189 0.678921 0.235897 0.0321364 0.0194204 0.0131534 0.00867374 0.00516649 0.00248268 0.00225489 0.00189337 
190 0.659232 0.324729 0.00570684 0.00373635 0.00251164 0.00180507 0.00121086 0.000464552 0.000278895 0.000325166 
191 0.296543 0.451184 0.107936 0.0523099 0.0309968 0.0283302 0.010798 0.0105974 0.00642768 0.00487769 
192 0.357291 0.425037 0.0931457 0.0427926 0.0266809 0.0207426 0.0181725 0.00712127 0.00505329 0.00396331 
193 0.400642 0.33728 0.109009 0.0488142 0.0323516 0.0370339 0.0155234 0.00894602 0.00564654 0.00475278 
194 0.453144 0.275704 0.109978 0.059716 0.0347942 0.0185604 0.0258384 0.00857821 0.00798066 0.00570624 
195 0.648924 0.348056 0.00123583 0.000738875 0.000486439 0.000111857 0.00033557 0.000111854 0 0 
196 0.777759 0.118163 0.0115471 0.0505438 0.00495047 0.0325433 0.00238662 0.000915638 0.000549706 0.000640906 
197 0.665835 0.331144 0.00123585 0.000738875 0.000486439 0.000111857 0.00033557 0.000111854 0 0 
198 0.386556 0.430183 0.0809861 0.0361993 0.0239909 0.0162276 0.0115117 0.00663413 0.00418732 0.00352454 
199 0.356205 0.333087 0.0713756 0.092489 0.0507763 0.0386659 0.0245406 0.0178952 0.0108021 0.00416381 
200 0.761246 0.155222 0.0104883 0.0474073 0.00461598 0.00331742 0.0157389 0.000853771 0.000512564 0.000597602 
201 0.813112 0.138685 0.0117595 0.0228506 0.00517551 0.00371953 0.0024951 0.000957258 0.000574693 0.000670038 
202 0.815557 0.169704 0.00524412 0.00343341 0.00230799 0.00165871 0.00111268 0.000426885 0.000256282 0.000298801 
203 0.699774 0.192042 0.0642024 0.0134503 0.011196 0.00745248 0.00448108 0.00323005 0.00244513 0.00172633 
204 0.426701 0.322426 0.0899669 0.0611829 0.0310677 0.0353025 0.0148484 0.00855706 0.00540104 0.00454614 
205 0.726166 0.18615 0.0475693 0.0122678 0.0102117 0.00679732 0.00408714 0.00294609 0.00223017 0.00157457 
206 0.722533 0.133193 0.124752 0.00596993 0.00496934 0.00330779 0.00198893 0.00143366 0.00108527 0.000766233 
207 0.739601 0.23006 0.0164593 0.00424477 0.00353333 0.00235192 0.00141418 0.00101937 0.000771656 0.000544812 
208 0.557528 0.285498 0.0672051 0.0328653 0.0222596 0.0146786 0.00874329 0.00420146 0.00381597 0.00320417 
209 0.31048 0.270412 0.244006 0.0648761 0.0378011 0.0201644 0.0280714 0.00931954 0.00867034 0.00619937 
210 0.301628 0.340869 0.130887 0.0784323 0.0456998 0.0243778 0.0340146 0.0261145 0.0104823 0.00749476 
211 0.39118 0.404075 0.0889881 0.039779 0.024802 0.0192819 0.0168927 0.00661978 0.00469742 0.0036842 
212 0.409588 0.346976 0.0926523 0.0480856 0.0318685 0.0215561 0.030217 0.0088125 0.00556226 0.00468185 
213 0.378924 0.356094 0.118634 0.0447598 0.0342156 0.0312736 0.0119199 0.0116984 0.0070955 0.00538447 
214 0.440499 0.379381 0.0730318 0.0379028 0.0251199 0.0169912 0.0120534 0.00694632 0.00438437 0.0036904 
215 0.464577 0.294945 0.113863 0.038725 0.0296022 0.027057 0.0103127 0.0101211 0.0061388 0.00465847 
216 0.519455 0.316491 0.0625766 0.037152 0.0251631 0.0165932 0.00988372 0.00474948 0.00431371 0.0036221 
217 0.460787 0.159421 0.333287 0.0111699 0.0192869 0.00618561 0.0037193 0.00268094 0.00202946 0.00143285 
218 0.351959 0.415266 0.110108 0.0421539 0.0262827 0.020433 0.0179012 0.00701499 0.00497786 0.00390415 
219 0.632281 0.229118 0.0601223 0.0185859 0.0374691 0.00872551 0.00516569 0.00372353 0.00281869 0.00199008 
220 0.366885 0.403766 0.106681 0.0421539 0.0262827 0.020433 0.0179012 0.00701499 0.00497786 0.00390415 
221 0.925531 0.0708631 0.00188705 0.000715476 0.00036605 0.000131255 0.000309801 7.24835e-05 4.99032e-05 7.3434e-05 
222 0.358457 0.350064 0.116212 0.0492358 0.0376394 0.0486844 0.0131119 0.0128683 0.00780505 0.00592291 
223 0.865991 0.0996835 0.0100354 0.00380503 0.00194672 0.00588945 0.0116077 0.000385481 0.000265394 0.000390536 
224 0.841969 0.155332 0.00110443 0.000660272 0.00043469 9.99574e-05 0.000299871 9.99545e-05 0 0 
225 0.410983 0.395217 0.0785786 0.0407814 0.0270277 0.0182817 0.0129688 0.00747389 0.00471736 0.00397068 
226 0.35332 0.423571 0.103997 0.0409321 0.0255209 0.0198408 0.0173823 0.00681165 0.00483358 0.00379099 
227 0.376194 0.383124 0.0904061 0.0562391 0.0406028 0.0201325 0.017638 0.00691183 0.00490466 0.00384674 
228 0.336493 0.393945 0.110228 0.0452888 0.0466735 0.0312737 0.0119199 0.0116984 0.0070955 0.00538447 
229 0.386521 0.375561 0.109714 0.0453765 0.0300731 0.0203416 0.0144301 0.00831602 0.0052489 0.00441808 
230 0.298096 0.483883 0.0914057 0.0387248 0.0296022 0.027057 0.0103127 0.0101211 0.0061388 0.00465847 
231 0.552386 0.296859 0.0643116 0.031648 0.0214352 0.014135 0.00841947 0.00404585 0.00367464 0.00308549 
232 0.496115 0.303219 0.0642727 0.0539901 0.026309 0.032499 0.010333 0.00496537 0.00450978 0.00378674 
233 0.510784 0.318854 0.0642727 0.0388408 0.0263068 0.0173475 0.010333 0.00496537 0.00450978 0.00378674 
234 0.415795 0.352232 0.0940561 0.0488142 0.0323514 0.0218827 0.0155233 0.00894602 0.00564654 0.00475278 
235 0.306664 0.465034 0.0899062 0.0540166 0.025752 0.0325858 0.0134585 0.00482252 0.00363956 0.00412048 
236 0.34614 0.339354 0.134084 0.0506839 0.0534499 0.0354128 0.0134975 0.0132468 0.0080346 0.00609712 
237 0.202852 0.309385 0.168957 0.0812239 0.0781354 0.0739296 0.0372314 0.0185154 0.0126516 0.0171197 
238 0.362788 0.400806 0.109963 0.0434509 0.0270914 0.0210617 0.018452 0.00723083 0.00513103 0.00402428 
239 0.327517 0.47295 0.0853836 0.0392266 0.0244575 0.0190141 0.0166581 0.00652784 0.00463218 0.00363303 
240 0.736173 0.187736 0.0333959 0.015631 0.0105869 0.0069813 0.00415839 0.00199826 0.00181491 0.00152393 
241 0.600978 0.387417 0.00413026 0.00270289 0.00181693 0.00130579 0.000875939 0.000336059 0.000201754 0.000235226 
242 0.346798 0.347437 0.130497 0.0635214 0.0376371 0.034401 0.0131119 0.0128683 0.00780505 0.00592291 
243 0.533872 0.332271 0.0505 0.0305177 0.0206697 0.0136302 0.00811877 0.00390136 0.0035434 0.0029753 
244 0.556581 0.2935 0.05656 0.0341799 0.02315 0.0152658 0.00909302 0.00436952 0.00396861 0.00333233 
245 0.326604 0.321223 0.143596 0.0772789 0.0450278 0.0240193 0.033438 0.0111012 0.0103279 0.00738455 
246 0.921471 0.0698733 0.00307988 0.00201645 0.00135549 0.000974163 0.000653478 0.00025071 0.000150515 0.000175486 
247 0.364822 0.343699 0.130497 0.0492358 0.0376371 0.034401 0.0131119 0.0128683 0.00780505 0.00592291 
248 0.351959 0.418693 0.106681 0.0421539 0.0262827 0.020433 0.0179012 0.00701499 0.00497786 0.00390415 
249 0.86393 0.101216 0.0101898 0.00386357 0.00197667 0.000708823 0.0170575 0.000391411 0.000269477 0.000396544 
250 0.197495 0.329282 0.163932 0.0787993 0.075803 0.0717228 0.03612 0.0179627 0.0122739 0.0166087 
251 0.832099 0.145014 0.0127782 0.00365571 0.00245743 0.00176611 0.00118472 0.000454525 0.000272876 0.000318148 
252 0.656304 0.257898 0.0465463 0.012004 0.00999212 0.00665114 0.00399925 0.00288274 0.00218221 0.0015407 
253 0.352998 0.355522 0.116212 0.0492364 0.0519222 0.034401 0.0131119 0.0128683 0.00780504 0.00592291 
254 0.400642 0.352233 0.109208 0.0488142 0.0323514 0.0218827 0.0155233 0.00894602 0.00564654 0.00475278 
255 0.632019 0.229838 0.0819815 0.017175 0.0142964 0.00951625 0.005722 0.00412453 0.00312224 0.00220439 
256 0.455837 0.411882 0.0499059 0.0301587 0.0204265 0.0134698 0.00802326 0.00385546 0.00350171 0.00294029 
257 0.721737 0.201485 0.0416771 0.0107344 0.00893526 0.00594766 0.00357625 0.00257783 0.0019514 0.00137775 
258 0.388859 0.371285 0.105996 0.0473785 0.0313999 0.021239 0.0150667 0.0086829 0.00548047 0.004613 
259 0.441926 0.348751 0.0996541 0.0388161 0.0257252 0.0174007 0.0123438 0.0071137 0.00449002 0.00377932 
260 0.40553 0.31565 0.165039 0.0402717 0.0266899 0.0180532 0.0128067 0.00738047 0.0046584 0.00392105 
261 0.48053 0.328093 0.0775963 0.0402717 0.0266899 0.0180532 0.0128067 0.00738047 0.0046584 0.00392105 
262 0.415794 0.337082 0.109208 0.0488142 0.0323514 0.0218827 0.0155233 0.00894602 0.00564654 0.00475278 
263 0.306155 0.331 0.132796 0.0947722 0.0463923 0.0247472 0.0344513 0.0114376 0.0106409 0.00760832 
264 0.295524 0.336048 0.134839 0.0808456 0.047106 0.0251279 0.0493721 0.0126073 0.0108046 0.00772537 
265 0.32595 0.350432 0.131953 0.071013 0.0413769 0.0220718 0.0307268 0.0102011 0.00949051 0.0067858 
266 0.815663 0.144627 0.0221443 0.0063518 0.00426978 0.00306861 0.00205846 0.000789738 0.000474121 0.000552782 
267 0.393899 0.400867 0.0878231 0.0403473 0.0251563 0.0195573 0.017134 0.00671434 0.00476453 0.00373683 
268 0.690592 0.217693 0.0497563 0.0128319 0.0106812 0.00710984 0.00427506 0.00308154 0.00233271 0.00164696 
269 0.412211 0.365896 0.089973 0.0466918 0.0309448 0.0209312 0.0148484 0.00855706 0.00540104 0.00454614 
270 0.349569 0.408875 0.0922581 0.0553154 0.0322304 0.0171928 0.0239346 0.00794613 0.00739261 0.00528578 
271 0.711061 0.218525 0.0266522 0.0160218 0.0108516 0.00715584 0.00426235 0.00204821 0.00186029 0.00156203 
272 0.887712 0.0965947 0.00558369 0.00365571 0.00245743 0.00176611 0.00118472 0.000454525 0.000272876 0.000318148 
273 0.295524 0.336048 0.134839 0.0808456 0.047106 0.025128 0.0486928 0.0132866 0.0108046 0.00772537 
274 0.403108 0.400607 0.079586 0.0413043 0.0273742 0.0185161 0.0131351 0.00756971 0.00477784 0.00402159 
275 0.79877 0.126138 0.0112483 0.00736441 0.0194432 0.00355782 0.0313714 0.000916362 0.000549706 0.000640906 
276 0.332179 0.473681 0.0830761 0.0381664 0.0237965 0.0185002 0.0162079 0.00635141 0.00450698 0.00353484 
277 0.366884 0.418693 0.0917555 0.0421539 0.0262827 0.020433 0.0179012 0.00701499 0.00497786 0.00390415 
278 0.867293 0.113533 0.0100354 0.00380503 0.00194672 0.000698037 0.00164758 0.000385481 0.000265394 0.000390536 
279 0.362788 0.400806 0.108628 0.0447866 0.0270914 0.0210617 0.018452 0.00723083 0.00513103 0.00402428 
280 0.331347 0.354753 0.125151 0.0530232 0.0559169 0.0370472 0.0141205 0.0138581 0.00840543 0.00637852 
281 0.341478 0.349378 0.123256 0.06737 0.0399181 0.0364859 0.0139065 0.0136482 0.00827808 0.00628188 
282 0.345309 0.299244 0.147457 0.0719858 0.0419437 0.0223888 0.0448305 0.0103421 0.00962052 0.00687875 
283 0.590035 0.291817 0.0701158 0.0146891 0.0122272 0.0081389 0.00489382 0.00352756 0.00267034 0.00188534 
284 0.280401 0.337782 0.144395 0.086754 0.0565107 0.0523348 0.0216151 0.00774526 0.00584535 0.00661773 
285 0.510935 0.309007 0.0623823 0.0524043 0.0255331 0.0168373 0.0100291 0.00481933 0.00437714 0.00367537 
286 0.286662 0.33547 0.0894538 0.128985 0.0551285 0.0419801 0.0266441 0.0194291 0.011728 0.0045207 
287 0.676961 0.188844 0.0994278 0.0106322 0.00885016 0.00589101 0.00354219 0.00255328 0.00193282 0.00136462 
288 0.902356 0.0787073 0.0105722 0.00302467 0.00203323 0.00146124 0.000980217 0.000376066 0.000225772 0.000263229 
289 0.481919 0.368893 0.0693943 0.0274205 0.0170965 0.0132914 0.0116445 0.00456315 0.00323803 0.0025396 
290 0.336378 0.374016 0.121415 0.0514404 0.0393223 0.0359413 0.0136989 0.0134445 0.00815452 0.00618812 
291 0.487626 0.375542 0.058559 0.0268982 0.0167708 0.0130382 0.0114227 0.00447623 0.00317635 0.00249122 
292 0.321456 0.374014 0.136341 0.0514404 0.0393224 0.0359414 0.013699 0.0134445 0.00815453 0.00618812 
293 0.522817 0.293234 0.0728104 0.0356041 0.0380035 0.0159019 0.0094719 0.00455158 0.00413397 0.00347118 
294 0.632019 0.229838 0.066597 0.017175 0.0142964 0.00951625 0.005722 0.00412472 0.0185067 0.00220439 
295 0.357291 0.394734 0.0931457 0.0427926 0.0569839 0.0207426 0.0181725 0.00712127 0.00505329 0.00396331 
296 0.3603 0.437357 0.0865862 0.039779 0.024802 0.0192819 0.0168927 0.00661978 0.00469742 0.0036842 
297 0.372716 0.299232 0.120584 0.0851373 0.0419687 0.0223742 0.0311477 0.0103409 0.00962052 0.00687875 
298 0.361489 0.384523 0.133123 0.041536 0.0258962 0.0201325 0.017638 0.00691183 0.00490466 0.00384674 
299 0.609875 0.258975 0.0778815 0.0165425 0.0134676 0.00896458 0.00539029 0.00388543 0.00294124 0.0020766 
300 0.415794 0.337082 0.0940561 0.0639657 0.0323514 0.0218827 0.0155233 0.00894602 0.00564654 0.00475278 
301 0.362788 0.400806 0.0945787 0.0434509 0.042476 0.0210617 0.018452 0.00723083 0.00513103 0.00402428 
302 0.392034 0.374962 0.0886817 0.0603103 0.0305027 0.0206322 0.0146363 0.00843482 0.00532388 0.0044812 
303 0.349782 0.500568 0.0640379 0.0294199 0.0183431 0.0142605 0.0124936 0.00489588 0.00347413 0.00272477 
304 0.336729 0.398515 0.152164 0.0386963 0.0241224 0.0187536 0.0164299 0.00643841 0.00456872 0.00358326 
305 0.414169 0.474463 0.0476572 0.0218939 0.0136507 0.0106125 0.00929753 0.00364344 0.0025854 0.00202774 
306 0.336381 0.345262 0.150167 0.0514404 0.0393223 0.0359413 0.0136989 0.0134445 0.00815452 0.00618812 
307 0.270245 0.382055 0.0782531 0.0753239 0.0725793 0.0352404 0.0430969 0.0300394 0.00875155 0.00441536 
308 0.406806 0.342267 0.0955032 0.04961 0.0481889 0.0222193 0.0157621 0.00908365 0.00573341 0.0048259 
309 0.525635 0.294307 0.0623823 0.0376984 0.0255331 0.0168373 0.0247339 0.00482029 0.00437714 0.00367537 
310 0.33213 0.465526 0.0865867 0.039779 0.024802 0.0192819 0.0168927 0.00661978 0.00469742 0.0036842 
311 0.438409 0.341183 0.0838879 0.0570504 0.0288539 0.019517 0.0138451 0.00797888 0.0050361 0.00423897 
312 0.838077 0.116475 0.0110876 0.0215449 0.00487975 0.00350699 0.00235252 0.000902557 0.000541853 0.00063175 
313 0.386509 0.383752 0.0874501 0.0453766 0.0441367 0.0203625 0.0144301 0.00831602 0.0052489 0.00441808 
314 0.503748 0.307884 0.0652615 0.0394383 0.0267116 0.032999 0.010492 0.00504176 0.00457917 0.003845 
315 0.545685 0.281866 0.0597464 0.0361055 0.0244542 0.0302103 0.00960531 0.00461569 0.00419219 0.00352007 
316 0.424513 0.346976 0.0926523 0.0480856 0.0318685 0.021556 0.0152916 0.0088125 0.00556226 0.00468185 
317 0.845805 0.126928 0.00970162 0.0063518 0.00426978 0.00306861 0.00205846 0.000789738 0.000474121 0.000552782 
318 0.510049 0.338006 0.0573243 0.0346418 0.0234629 0.0154721 0.0092159 0.00442857 0.00402224 0.00337736 
319 0.643531 0.232775 0.0529675 0.0258938 0.0175379 0.011565 0.00688865 0.00331024 0.00300652 0.00252449 
320 0.754691 0.16784 0.0420273 0.0108386 0.00902201 0.0060054 0.00361097 0.00260286 0.00197035 0.00139112 
321 0.825725 0.145191 0.0103484 0.00677525 0.00455443 0.00327319 0.00219569 0.000842387 0.000505729 0.000589634 
322 0.555112 0.298863 0.0550909 0.0332921 0.0225487 0.0148693 0.00885684 0.00425603 0.00386553 0.00324578 
323 0.357576 0.429141 0.0894511 0.0378737 0.0289516 0.0264623 0.010086 0.00989867 0.00600388 0.00455609 
324 0.291046 0.346108 0.132796 0.0796207 0.0463922 0.0247472 0.0346983 0.0263421 0.0106409 0.00760832 
325 0.336369 0.344175 0.13355 0.0691398 0.0393389 0.0359414 0.013699 0.0134445 0.00815453 0.00618812 
326 0.386179 0.474688 0.0595659 0.0291306 0.0197301 0.0130106 0.00774974 0.00372402 0.00338234 0.00284006 
327 0.406806 0.342267 0.0955032 0.0495651 0.0328491 0.0376039 0.0157621 0.00908365 0.00573341 0.0048259 
328 0.388859 0.371285 0.0912898 0.0620843 0.0313999 0.021239 0.0150667 0.0086829 0.00548047 0.004613 
329 0.273812 0.355722 0.0948714 0.106503 0.0584696 0.0445243 0.0282589 0.0206066 0.0124388 0.00479469 
330 0.362788 0.400807 0.109963 0.0434509 0.0270914 0.0210617 0.018452 0.00723083 0.00513103 0.00402428 
331 0.648254 0.219699 0.0636592 0.0311222 0.0136663 0.00909641 0.00546956 0.00394256 0.00298449 0.00210714 
332 0.865991 0.099683 0.0251869 0.00380503 0.00194672 0.000698037 0.00164758 0.000385481 0.000265394 0.000390536 
333 0.265249 0.368085 0.144395 0.0867539 0.0413593 0.0523348 0.0216151 0.00774526 0.00584535 0.00661773 
334 0.357291 0.409885 0.108297 0.0427926 0.0266809 0.0207426 0.0181725 0.00712127 0.00505329 0.00396331 
335 0.597952 0.39929 0.00112845 0.000674625 0.00044414 0.00010213 0.00030639 0.000102127 0 0 
336 0.852797 0.105887 0.0100796 0.0195863 0.00443614 0.00318817 0.00213866 0.000820507 0.000492594 0.000574318 
337 0.331347 0.354753 0.125151 0.0530232 0.0559169 0.0370473 0.0141205 0.0138581 0.00840543 0.00637852 
338 0.276215 0.347666 0.157165 0.0854591 0.040742 0.0515537 0.0212925 0.00762966 0.00575811 0.00651896 
339 0.336875 0.45207 0.0936448 0.0403473 0.0251563 0.0195573 0.017134 0.00671434 0.00476453 0.00373683 
340 0.489038 0.319022 0.0904625 0.037152 0.0251631 0.0165932 0.00988372 0.00474948 0.00431371 0.0036221 
341 0.310887 0.296195 0.0473478 0.159321 0.0490181 0.0482559 0.060364 0.0286117 0 0 
342 0.570856 0.313107 0.0735905 0.0129811 0.0108054 0.00719251 0.00432477 0.00311738 0.00235983 0.00166611 
343 0.682692 0.241845 0.0284699 0.0172046 0.0116527 0.00768412 0.00457702 0.00219942 0.00199762 0.00167735 
344 0.295524 0.336048 0.134839 0.081435 0.0618992 0.0251299 0.0349813 0.0116136 0.0108046 0.00772537 
345 0.830767 0.12175 0.011584 0.00758424 0.00509825 0.00366456 0.0173827 0.00094297 0.000566115 0.000660038 
346 0.595199 0.393602 0.00586142 0.00222241 0.00113702 0.000407703 0.000962301 0.000225148 0.000155009 0.0002281 
347 0.503636 0.298694 0.0782388 0.0531864 0.0259142 0.0170886 0.0101788 0.00489126 0.00444247 0.00373022 
348 0.3909 0.383124 0.0904061 0.041534 0.0258962 0.0201325 0.017638 0.00691183 0.0196105 0.00384674 
349 0.638845 0.231021 0.0627363 0.0162337 0.0279042 0.00896635 0.00539029 0.00388543 0.00294124 0.0020766 
350 0.357292 0.425017 0.0931654 0.0427926 0.0266809 0.0207426 0.0181725 0.00712127 0.00505329 0.00396331 
351 0.362788 0.400806 0.0945787 0.0434509 0.0270914 0.0210617 0.018452 0.00723083 0.00513157 0.0194083 
352 0.362788 0.416191 0.0945787 0.0434509 0.0270914 0.0210617 0.018452 0.00723083 0.00513103 0.00402428 
353 0.635563 0.274357 0.0535751 0.0111637 0.00929267 0.00618556 0.0037193 0.00268094 0.00202946 0.00143285 
354 0.81107 0.164685 0.0086314 0.00564605 0.00379536 0.00272766 0.00182974 0.000701989 0.000421441 0.000491361 
355 0.265249 0.352933 0.144395 0.0867539 0.0565108 0.0523348 0.0216151 0.00774526 0.00584535 0.00661773 
356 0.316229 0.327374 0.153779 0.0750709 0.0437413 0.0233331 0.0324826 0.010784 0.0100328 0.00717356 
357 0.503748 0.310092 0.0784377 0.0394383 0.0267116 0.0176144 0.0104919 0.00504176 0.00457916 0.003845 
358 0.362788 0.400806 0.0945787 0.043451 0.0270914 0.0210617 0.018452 0.00723086 0.0205153 0.00402459 
359 0.383223 0.322426 0.118952 0.09017 0.0309448 0.0209312 0.0148484 0.00855706 0.00540104 0.00454614 
360 0.346136 0.339106 0.11963 0.0560275 0.0457975 0.0524275 0.0134975 0.0132468 0.0080346 0.00609712 
361 0.381809 0.388842 0.0917555 0.0421999 0.0411621 0.020433 0.0179012 0.00701499 0.00497786 0.00390415 
362 0.272154 0.34338 0.168732 0.0842023 0.0401429 0.0507955 0.0209794 0.00751746 0.00567343 0.00642309 
363 0.632019 0.245223 0.066597 0.017175 0.0142964 0.00951625 0.005722 0.00412453 0.00312224 0.00220439 
364 0.361489 0.412536 0.105111 0.0415341 0.0258962 0.0201325 0.017638 0.00691183 0.00490466 0.00384674 
365 0.857629 0.13985 0.00103183 0.000616545 0.000405902 9.33377e-05 0.000280012 9.3335e-05 0 0 
366 0.644681 0.240615 0.0727449 0.0128319 0.0106812 0.00710984 0.00427506 0.00308154 0.00233271 0.00164696 
367 0.556581 0.266833 0.056563 0.0608435 0.02315 0.0152658 0.00909302 0.00436952 0.00396861 0.00333233 
368 0.451905 0.386491 0.061722 0.0370068 0.0215626 0.0115022 0.0160126 0.00531607 0.00494576 0.00353626 
369 0.387386 0.393337 0.128898 0.0374933 0.0172641 0.0134217 0.0117586 0.00460788 0.00326977 0.00256449 
370 0.68525 0.196601 0.0569579 0.0146891 0.0253851 0.0081389 0.00489382 0.00352756 0.00267034 0.00188534 
371 0.496115 0.318044 0.0645995 0.0388408 0.0263068 0.0173475 0.0254825 0.00496734 0.00450978 0.00378674 
372 0.392491 0.561913 0.024736 0.00637928 0.0053101 0.00353461 0.00212531 0.00153197 0.00115969 0.000818774 
373 0.406806 0.342267 0.0955104 0.0649426 0.0328491 0.0222193 0.0157621 0.00908365 0.00573341 0.0048259 
374 0.301628 0.326017 0.145739 0.0784323 0.0606252 0.0243778 0.0339371 0.0112669 0.0104821 0.00749476 
375 0.454653 0.34158 0.101033 0.0353039 0.0220117 0.0171126 0.0149923 0.00587505 0.00416896 0.00326973 
376 0.764846 0.177749 0.0311427 0.00803146 0.00668537 0.00445004 0.00267576 0.00192874 0.00146004 0.00103083 
377 0.830796 0.121721 0.011584 0.00758424 0.0200236 0.00366402 0.00245786 0.000942971 0.000566115 0.000660038 
378 0.534301 0.31265 0.053025 0.0445436 0.0217031 0.0143117 0.00852471 0.00409643 0.00372057 0.00312406 
