2 0.790913 0.163176 0.0374216 0.00353061 0.00180969 0.00064889 0.00153153 0.000358323 0.000246716 0.000363033 
3 0.967984 0.0278929 0.00146709 0.000960901 0.000645775 0.000463697 0.000311298 0.000119432 7.17001e-05 8.35965e-05 
4 0.62792 0.223748 0.0938481 0.0166599 0.0140049 0.00909731 0.00555288 0.00400132 0.0030288 0.00213894 
5 0.828229 0.123569 0.0269105 0.00770177 0.00517599 0.0037166 0.0024951 0.000957262 0.000574687 0.000670038 
6 0.647233 0.230144 0.0664625 0.0171725 0.0144358 0.00937723 0.00572374 0.00412444 0.00312199 0.00220475 
7 0.519265 0.307687 0.0653291 0.0394443 0.0267267 0.0175947 0.0104872 0.00504191 0.00457564 0.0038482 
8 0.631856 0.230137 0.0664625 0.0171725 0.0180249 0.0211728 0.00572374 0.00412444 0.00312199 0.00220475 
9 0.926004 0.0684395 0.00347849 0.000864389 0.000443063 0.000158866 0.000374961 8.77273e-05 6.04028e-05 8.88805e-05 
10 0.773531 0.195746 0.0109309 0.00715939 0.00481148 0.00345487 0.00231939 0.000889849 0.000534216 0.000622853 
11 0.323516 0.3348 0.141947 0.0740004 0.0431813 0.0229461 0.0319188 0.0107245 0.00989878 0.00706694 
12 0.825586 0.12547 0.0273234 0.00782125 0.00525562 0.00377378 0.00253349 0.000971989 0.000583528 0.000680347 
13 0.982018 0.0175793 0.000164599 9.84245e-05 6.47806e-05 1.48985e-05 4.46954e-05 1.48981e-05 0 0 
14 0.813641 0.149288 0.0200933 0.0051917 0.00436432 0.00283498 0.00173043 0.00124692 0.000943857 0.000666553 
15 0.629379 0.353925 0.00605013 0.00385088 0.00258799 0.0018583 0.00124755 0.000478631 0.000287344 0.000335019 
16 0.622282 0.256953 0.0654555 0.0169124 0.0142171 0.00923515 0.00563702 0.00406194 0.00307469 0.00217135 
17 0.91966 0.0619508 0.00448619 0.00871859 0.00197465 0.00141789 0.000951889 0.000365198 0.000219245 0.000255622 
18 0.878865 0.107501 0.00485057 0.00317698 0.00213509 0.0015331 0.00102923 0.000394871 0.000237058 0.000276391 
19 0.375492 0.393204 0.0971413 0.0410105 0.0316656 0.0284002 0.0109168 0.0107291 0.00650504 0.00493546 
20 0.545815 0.281677 0.0598083 0.0361109 0.0385526 0.0161079 0.00960099 0.00461583 0.00418896 0.003523 
21 0.992666 0.00637915 0.00050055 0.000189187 9.69722e-05 3.47707e-05 8.20669e-05 1.92007e-05 1.32202e-05 1.94531e-05 
22 0.904729 0.0870275 0.00457491 0.0013272 0.000891945 0.000640459 0.000429965 0.000164959 9.90322e-05 0.000115463 
23 0.514077 0.348304 0.058833 0.0289228 0.0195195 0.0128501 0.00765922 0.00368229 0.00334176 0.00281048 
24 0.624308 0.260085 0.0627021 0.016177 0.013599 0.00883362 0.00539193 0.00388534 0.002941 0.00207694 
25 0.971302 0.0275141 0.000620486 0.000234493 0.000120195 4.30974e-05 0.00010172 2.37988e-05 1.63861e-05 2.41116e-05 
26 0.996642 0.0027684 0.000209641 0.000137308 9.22784e-05 6.62602e-05 4.44831e-05 1.70662e-05 1.02456e-05 1.19456e-05 
27 0.295495 0.334866 0.136081 0.0808312 0.0471673 0.0250644 0.0502495 0.0117145 0.0108125 0.00771927 
28 0.994659 0.00459235 0.000392443 0.000148327 7.60284e-05 2.7261e-05 6.43423e-05 1.50538e-05 1.0365e-05 1.52517e-05 
29 0.451047 0.432993 0.0437772 0.0264317 0.0179096 0.0117903 0.00702753 0.0033786 0.00306615 0.00257869 
30 0.631856 0.230137 0.0664625 0.0171799 0.0298131 0.00937723 0.00572374 0.00412444 0.00312199 0.00220475 
31 0.801809 0.168378 0.0176832 0.00370988 0.00311737 0.00202498 0.00123602 0.000890659 0.000674184 0.000476109 
32 0.574032 0.328767 0.0526837 0.0136124 0.011443 0.00743317 0.00453711 0.00326937 0.00247475 0.00174767 
33 0.574416 0.415343 0.00364364 0.00238646 0.00160383 0.00115162 0.000773131 0.000296616 0.000178072 0.000207618 
34 0.365562 0.429227 0.0878035 0.0403339 0.0251702 0.0195255 0.0171614 0.00672301 0.00479175 0.00370142 
35 0.86339 0.102096 0.0140196 0.00724121 0.00481804 0.00323257 0.00232619 0.0013298 0.000839674 0.00070652 
36 0.420492 0.360595 0.0889223 0.0459299 0.0305602 0.0205037 0.0147547 0.00843475 0.00532593 0.00448136 
37 0.575117 0.319873 0.0569784 0.014687 0.0123464 0.00802 0.0048953 0.00352748 0.00267012 0.00188564 
38 0.521224 0.473365 0.00283452 0.00107125 0.000549095 0.000196885 0.000464695 0.000108722 7.48581e-05 0.000110151 
39 0.773612 0.211447 0.00531574 0.00348162 0.00233983 0.00168011 0.00112792 0.000432735 0.00025979 0.000302894 
40 0.494088 0.351126 0.0628742 0.0324757 0.0216082 0.0144976 0.0104326 0.00596397 0.00376581 0.00316864 
41 0.548114 0.294859 0.0544409 0.0456907 0.0222722 0.0146623 0.00873936 0.00420159 0.00381303 0.00320683 
42 0.389013 0.380498 0.0865668 0.0417663 0.0509842 0.0192505 0.0169196 0.00662831 0.00472426 0.00364928 
43 0.616111 0.282551 0.0382602 0.023098 0.0156508 0.0103032 0.00614117 0.00295247 0.00267943 0.00225345 
44 0.644753 0.246062 0.0591789 0.0152906 0.0128538 0.00834959 0.00509648 0.00367244 0.00277985 0.00196313 
45 0.638704 0.216796 0.091595 0.016177 0.013599 0.00883362 0.00539193 0.00388534 0.002941 0.00207694 
46 0.736508 0.23458 0.0145727 0.00518691 0.00348587 0.00250302 0.00168038 0.000644687 0.000387034 0.00045125 
47 0.98348 0.0163667 6.2595e-05 3.73934e-05 2.46114e-05 5.66023e-06 1.69807e-05 5.66007e-06 0 0 
48 0.379339 0.396888 0.105582 0.0362016 0.0225886 0.0176127 0.0281319 0.00603347 0.00430029 0.00332178 
49 0.268625 0.704233 0.0156468 0.00394878 0.00246422 0.00191159 0.00168013 0.000658196 0.000469122 0.000362377 
50 0.357414 0.424938 0.0931249 0.0427784 0.0266957 0.0207089 0.0182014 0.00713046 0.00508216 0.00392574 
51 0.840384 0.113808 0.0248281 0.00641503 0.00539269 0.00350299 0.00213818 0.00154074 0.00116626 0.000823614 
52 0.390185 0.413355 0.0798018 0.0412192 0.0274258 0.0184008 0.0132414 0.00756965 0.00477968 0.00402173 
53 0.594517 0.243921 0.0684789 0.0389634 0.0211858 0.013947 0.00831305 0.00399663 0.00362703 0.0030504 
54 0.7101 0.190321 0.0574646 0.0129853 0.0107854 0.00700598 0.00427636 0.00308147 0.00233252 0.00164723 
55 0.934252 0.0615288 0.00150114 0.000983204 0.000660764 0.00047446 0.000318524 0.000122204 7.33643e-05 8.55368e-05 
56 0.80178 0.197554 0.000272222 0.000162779 0.000107137 2.46398e-05 7.39193e-05 2.46391e-05 0 0 
57 0.649602 0.229175 0.0718927 0.015084 0.0126801 0.00823675 0.00502761 0.00362281 0.00274229 0.00193661 
58 0.295495 0.334866 0.136081 0.0808312 0.0471673 0.0250642 0.0348652 0.0117151 0.0261965 0.00771927 
59 0.647202 0.230175 0.0664625 0.0171725 0.0144358 0.00937723 0.00572374 0.00412444 0.00312199 0.00220475 
60 0.270523 0.391074 0.138665 0.0740004 0.0431813 0.0229461 0.0319188 0.0107245 0.00989878 0.00706694 
61 0.412072 0.398744 0.0768462 0.0396925 0.02641 0.0177193 0.012751 0.00728929 0.00460266 0.00387278 
62 0.292037 0.331856 0.142264 0.100304 0.0417279 0.0507665 0.0211323 0.00763507 0.0057564 0.00652047 
63 0.879597 0.116038 0.002287 0.000864389 0.000443063 0.000158866 0.000374961 8.77273e-05 6.04028e-05 8.88805e-05 
64 0.331406 0.369606 0.125609 0.0529982 0.0409217 0.0367017 0.0141078 0.0138653 0.00840652 0.00637814 
65 0.48166 0.338224 0.0771492 0.0377041 0.0255476 0.0168185 0.0100246 0.00481947 0.00437377 0.00367843 
66 0.377635 0.374881 0.103298 0.0601256 0.0305603 0.0205037 0.0147547 0.00843475 0.00532593 0.00448136 
67 0.418154 0.327391 0.105936 0.0619867 0.031459 0.0211068 0.0151887 0.00868283 0.00548258 0.00461316 
68 0.331406 0.368982 0.126233 0.0529982 0.0409217 0.0367017 0.0141078 0.0138653 0.00840652 0.00637814 
69 0.357121 0.420202 0.0890767 0.0554106 0.025535 0.0198085 0.0174101 0.00682044 0.00486119 0.00375506 
70 0.3632 0.505529 0.108186 0.0141297 0.00331565 0.00215378 0.00131464 0.000947308 0.000717065 0.000506392 
71 0.372829 0.427661 0.0853645 0.0392135 0.024471 0.0189831 0.0166847 0.00653625 0.00465864 0.0035986 
72 0.382047 0.302938 0.131672 0.071505 0.0349471 0.0425169 0.0176983 0.00639437 0.00482098 0.0054609 
73 0.505027 0.322464 0.0598347 0.0501695 0.0244681 0.0161079 0.00960099 0.00461583 0.00418896 0.003523 
74 0.489943 0.347039 0.0615438 0.0371576 0.0251773 0.0165747 0.00987928 0.00474962 0.00431038 0.00362512 
75 0.331406 0.354294 0.125536 0.0529982 0.0409217 0.0520863 0.0141078 0.0138653 0.00840652 0.00637814 
76 0.773941 0.223867 0.000537921 0.00103652 0.000235443 0.000169053 0.000113492 4.35419e-05 2.61401e-05 3.04773e-05 
77 0.930656 0.0624636 0.00360451 0.00136235 0.000698306 0.000250387 0.000590971 0.000138266 9.52e-05 0.000140083 
78 0.251787 0.44274 0.0780235 0.0635711 0.0612752 0.0297561 0.0363706 0.0253615 0.00738768 0.00372725 
79 0.827604 0.170213 0.0011438 0.000432195 0.000221531 7.94331e-05 0.000187481 4.38637e-05 3.02014e-05 4.44403e-05 
80 0.394573 0.361778 0.107839 0.0479865 0.0319285 0.0214218 0.0154154 0.00881243 0.00556441 0.00468202 
81 0.47468 0.333323 0.0905231 0.0371576 0.0251773 0.0165747 0.00987928 0.00474962 0.00431038 0.00362512 
82 0.540485 0.371927 0.0474733 0.0122661 0.0103113 0.00669802 0.00408839 0.00294602 0.00222999 0.00157482 
83 0.825586 0.12547 0.0271045 0.00804021 0.00525562 0.00377378 0.00253349 0.000971989 0.000583528 0.000680347 
84 0.47664 0.312895 0.108225 0.0361248 0.0240361 0.0161265 0.0116048 0.00663408 0.00418893 0.00352466 
85 0.828229 0.123569 0.011759 0.00770177 0.00517599 0.0037166 0.0025047 0.0160971 0.000576782 0.000670038 
86 0.946035 0.0385361 0.00836802 0.00215902 0.00181495 0.00117895 0.000719619 0.000518546 0.000392513 0.000277193 
87 0.291118 0.354839 0.14232 0.0773068 0.05129 0.0459642 0.0191333 0.00691283 0.00521187 0.00590367 
88 0.70457 0.184723 0.0656394 0.0137804 0.0115843 0.00752494 0.00459313 0.00330973 0.0025053 0.00176924 
89 0.631856 0.230137 0.0664625 0.0171726 0.0298204 0.00937724 0.00572374 0.00412444 0.00312199 0.00220475 
90 0.362913 0.400706 0.0945576 0.0434365 0.0424904 0.0210281 0.0184815 0.00724016 0.00516034 0.00398614 
91 0.372566 0.394635 0.0931249 0.0427784 0.0266957 0.0358604 0.0182014 0.00713046 0.00508216 0.00392574 
92 0.732888 0.256573 0.00374946 0.00245564 0.00165031 0.001185 0.00079554 0.000305214 0.000183234 0.000213635 
93 0.511407 0.303015 0.0643392 0.0388466 0.0263218 0.0324796 0.0103283 0.00496551 0.00450631 0.00378989 
94 0.835697 0.118197 0.0112477 0.0218597 0.00495094 0.00355501 0.00238662 0.000915642 0.000549701 0.000640906 
95 0.622282 0.256953 0.0654556 0.0169124 0.0142171 0.00923515 0.00563702 0.00406194 0.00307469 0.00217135 
96 0.510756 0.328557 0.0606627 0.0366268 0.0248176 0.016338 0.00973815 0.00468177 0.00424881 0.00357333 
97 0.291018 0.329792 0.164322 0.0796065 0.0464526 0.0246844 0.0343369 0.011537 0.0106487 0.00760231 
98 0.270254 0.342067 0.146641 0.0880061 0.0430119 0.067713 0.0217826 0.00786999 0.00593352 0.0067211 
99 0.824243 0.147056 0.0102117 0.00668838 0.00449494 0.00322758 0.0021668 0.000831307 0.00049907 0.000581875 
100 0.328918 0.355335 0.216624 0.0303696 0.029686 0.0146979 0.0129172 0.00506033 0.00360669 0.00278601 
101 0.742933 0.230786 0.00935051 0.0061243 0.00411585 0.00295537 0.00198406 0.000761196 0.00045698 0.000532802 
102 0.199754 0.304589 0.166624 0.0950391 0.0769294 0.0728463 0.0366651 0.0183576 0.0123103 0.0168854 
103 0.681188 0.273288 0.0269932 0.00566614 0.00476309 0.00309401 0.00188854 0.00136085 0.0010301 0.000727456 
104 0.436125 0.327297 0.0902107 0.0465956 0.0313377 0.0349323 0.0149953 0.008557 0.00540312 0.00454631 
105 0.270254 0.342067 0.146641 0.0880061 0.0430118 0.0523383 0.0369871 0.00804023 0.00593352 0.0067211 
106 0.925888 0.0695249 0.00240301 0.000908235 0.000465537 0.000166925 0.000393981 9.21773e-05 6.34667e-05 9.33889e-05 
107 0.508337 0.483849 0.00409427 0.00154736 0.000793137 0.00028439 0.000671227 0.000157043 0.000108128 0.000159107 
108 0.915249 0.075675 0.00324541 0.0021092 0.00141749 0.00101782 0.000683306 0.000262155 0.000157383 0.000183496 
109 0.509178 0.35365 0.0517852 0.0312668 0.0211858 0.013947 0.00831305 0.00399663 0.00362703 0.0030504 
110 0.709381 0.201268 0.0621091 0.00832997 0.00700245 0.00454866 0.00277644 0.00200066 0.0015144 0.00106947 
111 0.331406 0.354294 0.125536 0.0530519 0.0562525 0.0367018 0.0141078 0.0138653 0.00840652 0.00637814 
112 0.701442 0.203093 0.0642652 0.0095403 0.0080199 0.00520957 0.00317986 0.00229135 0.00173444 0.00122486 
113 0.542245 0.311676 0.0551479 0.0332971 0.0225615 0.0148527 0.00885286 0.00425615 0.00386255 0.00324848 
114 0.631856 0.245522 0.0664625 0.0171725 0.0144358 0.00937723 0.00572374 0.00412444 0.00312199 0.00220475 
115 0.428691 0.400591 0.079402 0.0313708 0.0195768 0.0151865 0.0133477 0.005229 0.00372692 0.00287888 
116 0.583934 0.388198 0.0151051 0.00390285 0.00328087 0.00213119 0.00130085 0.000937372 0.000709543 0.00050108 
117 0.940782 0.0505236 0.00651831 0.000904956 0.000463856 0.000166322 0.000392558 9.18445e-05 6.32375e-05 9.30518e-05 
118 0.362913 0.400706 0.0945821 0.0587432 0.0271598 0.0210275 0.0184815 0.00724016 0.00516034 0.00398614 
119 0.376285 0.397763 0.090386 0.0415202 0.0406164 0.0200998 0.0176661 0.00692074 0.00493268 0.00381028 
120 0.674721 0.291482 0.0184494 0.00580638 0.0036342 0.00260953 0.00175188 0.00067212 0.000403504 0.000470452 
121 0.341536 0.348926 0.138786 0.0521952 0.0403017 0.0361456 0.0138941 0.0136552 0.00827914 0.0062815 
122 0.274032 0.355422 0.0798282 0.106495 0.0584605 0.0444832 0.0282883 0.0206573 0.0274976 0.0048361 
123 0.835089 0.144732 0.0109369 0.00282586 0.00237551 0.00154309 0.000941881 0.000678704 0.000513745 0.000362807 
124 0.423296 0.344742 0.116781 0.0406974 0.0270786 0.0181679 0.0130738 0.00747383 0.00471918 0.00397082 
125 0.36276 0.303553 0.131276 0.0833454 0.0409138 0.0217223 0.0302165 0.0101526 0.00937085 0.00669004 
126 0.730592 0.218315 0.0276927 0.00715523 0.00601493 0.00390718 0.00238489 0.00171852 0.00130083 0.000918647 
127 0.320053 0.341321 0.130077 0.0772651 0.0450864 0.0239584 0.033327 0.0111977 0.0103355 0.00737872 
128 0.372566 0.394635 0.108276 0.0427784 0.0266957 0.0207089 0.0182014 0.00713046 0.00508216 0.00392574 
129 0.406684 0.342179 0.0957621 0.0494631 0.0482955 0.0220809 0.0158897 0.00908358 0.00573562 0.00482608 
130 0.30616 0.329801 0.149068 0.0797091 0.0464526 0.0246844 0.0343369 0.011537 0.0106487 0.00760231 
131 0.367005 0.40367 0.10641 0.0423904 0.0262972 0.0203998 0.0179298 0.00702404 0.0050063 0.00386715 
132 0.63797 0.24767 0.065688 0.0148829 0.012511 0.00812693 0.00496058 0.00357451 0.00270572 0.00191078 
133 0.538095 0.335522 0.0477122 0.0288076 0.0195195 0.0128501 0.00765922 0.00368229 0.00334176 0.00281048 
134 0.845956 0.145213 0.00314207 0.00205796 0.00138306 0.0009931 0.000666708 0.000255787 0.00015356 0.000179039 
135 0.432858 0.341789 0.091539 0.0472808 0.031459 0.0211068 0.0151887 0.00868283 0.00548258 0.00461316 
136 0.653197 0.216796 0.0626096 0.016177 0.013599 0.00883362 0.00539193 0.0183781 0.00294101 0.00207694 
137 0.401381 0.368129 0.0865669 0.0679348 0.0248157 0.0192505 0.0169197 0.00662832 0.00472426 0.00364928 
138 0.831002 0.125419 0.02433 0.00696324 0.00467966 0.00336022 0.00225585 0.00086547 0.00051958 0.000605788 
139 0.531012 0.301502 0.079965 0.0320486 0.0217154 0.0142957 0.00852088 0.00409655 0.00371771 0.00312666 
140 0.815839 0.159374 0.00881923 0.00577633 0.00388199 0.00278745 0.00187133 0.000717947 0.000431015 0.000502529 
141 0.28131 0.336885 0.144419 0.101824 0.0423601 0.0515357 0.0214525 0.00775075 0.00584362 0.00661927 
142 0.401315 0.414521 0.0787981 0.0361971 0.0225886 0.0175229 0.0154012 0.00603347 0.00430029 0.00332178 
143 0.407147 0.406295 0.0798245 0.0366672 0.022882 0.0177505 0.0156012 0.00611182 0.00435614 0.00336492 
144 0.79281 0.165263 0.0341991 0.00321375 0.00164728 0.000590656 0.00139409 0.000326166 0.000224574 0.000330453 
145 0.637433 0.22665 0.0654642 0.0320185 0.0142537 0.00923515 0.00563702 0.00406194 0.00307469 0.00217135 
146 0.374498 0.423092 0.0866564 0.0397658 0.0248157 0.0192505 0.0169196 0.00662831 0.00472426 0.00364928 
147 0.522202 0.318732 0.0681349 0.0332971 0.0225615 0.0148527 0.00885286 0.00425615 0.00386255 0.00324848 
148 0.370805 0.421006 0.0890804 0.0409185 0.025535 0.0198085 0.0174101 0.00682044 0.00486119 0.00375506 
149 0.81956 0.154778 0.00913049 0.0059802 0.004019 0.00288583 0.00193737 0.000743286 0.000446228 0.000520265 
150 0.262864 0.36089 0.0810563 0.108133 0.0593607 0.0605514 0.0287235 0.0209615 0.0125957 0.00486447 
151 0.687597 0.216373 0.0520491 0.0134484 0.0113052 0.00734361 0.00448245 0.00322998 0.00244493 0.00172661 
152 0.648097 0.219984 0.0635303 0.0164149 0.013799 0.0234938 0.00564681 0.00394247 0.00298425 0.00210748 
153 0.266159 0.336906 0.159549 0.0866727 0.0575116 0.0515357 0.0214525 0.00775075 0.00584361 0.00661927 
154 0.648097 0.219984 0.0635303 0.0311208 0.013799 0.00896353 0.00547122 0.00394247 0.00298425 0.00210748 
155 0.503775 0.313417 0.0633797 0.0382668 0.0259289 0.0170695 0.0102735 0.0197175 0.00443907 0.00373333 
156 0.583285 0.311592 0.0396859 0.0239615 0.0162358 0.0106884 0.00637075 0.00306284 0.00277959 0.00233769 
157 0.445618 0.350063 0.0829941 0.0428679 0.0285228 0.0191368 0.013771 0.00787244 0.00497087 0.0041826 
158 0.503891 0.307677 0.0653291 0.0394443 0.0267267 0.0329793 0.0104872 0.00504191 0.00457564 0.0038482 
159 0.406684 0.342179 0.0957622 0.049463 0.0329109 0.0220809 0.0158897 0.00908358 0.00573563 0.0202107 
160 0.372566 0.394635 0.0931249 0.0495005 0.0351251 0.0207089 0.0182014 0.00713046 0.00508216 0.00392574 
161 0.537161 0.309904 0.0685772 0.0308901 0.0209305 0.013779 0.00821289 0.00394848 0.00358333 0.00301365 
162 0.70093 0.281619 0.00620875 0.00406653 0.00273292 0.00196237 0.00131741 0.000505434 0.000303435 0.00035378 
163 0.260859 0.421524 0.081417 0.0912812 0.050109 0.0381285 0.0242471 0.0176948 0.0106327 0.00410637 
164 0.551782 0.291994 0.0589776 0.0356094 0.0241283 0.0158841 0.00946764 0.00455172 0.00413078 0.00347407 
165 0.676395 0.212858 0.0533341 0.0137987 0.0239117 0.00752494 0.00459313 0.00330973 0.0025053 0.00176925 
166 0.631857 0.245521 0.0664625 0.0171725 0.0144358 0.00937723 0.00572374 0.00412444 0.00312199 0.00220475 
167 0.828229 0.138721 0.011759 0.00770177 0.00517599 0.0037166 0.0024951 0.000957262 0.000574687 0.000670038 
168 0.631856 0.230137 0.0664625 0.0171725 0.0144359 0.0247609 0.00572455 0.00412444 0.00312199 0.00220475 
169 0.826263 0.140178 0.01194 0.00782026 0.00525562 0.00377378 0.00253349 0.000971989 0.000583528 0.000680347 
170 0.840294 0.126147 0.0119399 0.00782026 0.00525562 0.00377378 0.00253349 0.000971989 0.000583528 0.000680347 
171 0.631856 0.230137 0.0664625 0.0171725 0.0144359 0.0247618 0.00572374 0.00412444 0.00312199 0.00220475 
172 0.298599 0.519568 0.0778006 0.0357389 0.0223027 0.0173011 0.0152063 0.00595709 0.00424585 0.00327974 
173 0.316211 0.507652 0.0715468 0.0369551 0.0245886 0.0164973 0.0118716 0.00678658 0.00428523 0.00360569 
174 0.374507 0.409088 0.0865669 0.0538503 0.0248157 0.0192505 0.0169196 0.00662831 0.00472426 0.00364928 
175 0.522923 0.474453 0.00107387 0.000642135 0.000422638 9.71999e-05 0.000291599 9.71971e-05 0 0 
176 0.496366 0.338211 0.062457 0.0377041 0.0255476 0.0168185 0.0100246 0.00481947 0.00437377 0.00367843 
177 0.503572 0.32392 0.0598083 0.0362508 0.0384127 0.0161079 0.00960099 0.00461583 0.00418896 0.003523 
178 0.278073 0.396646 0.134794 0.0742909 0.0363087 0.0441734 0.0183879 0.0066435 0.00500881 0.00567366 
179 0.503891 0.323062 0.0653291 0.0394443 0.0267267 0.0175947 0.0104872 0.00504191 0.00457564 0.0038482 
180 0.0488794 0.527676 0.218036 0.0522991 0 0.15311 0 0 0 0 
181 0.839737 0.129006 0.0169414 0.00437732 0.00367972 0.00239027 0.00145899 0.00105133 0.000795801 0.000561996 
182 0.482797 0.329828 0.0749542 0.0344314 0.0336819 0.0166681 0.0146499 0.00573915 0.00409052 0.00315975 
183 0.975615 0.0217529 0.00137921 0.000521149 0.000267127 9.57821e-05 0.000226068 5.28917e-05 3.64175e-05 5.3587e-05 
184 0.689399 0.244045 0.0251266 0.0151709 0.0102795 0.0067672 0.00403355 0.00193919 0.00175986 0.00148008 
185 0.503879 0.313314 0.0783043 0.0382668 0.0259289 0.0170695 0.0101742 0.0048914 0.00443905 0.00373333 
186 0.291018 0.344943 0.134023 0.0947382 0.0464687 0.0246844 0.0343369 0.011537 0.0106487 0.00760231 
187 0.377646 0.432665 0.0882253 0.0348565 0.021752 0.0168739 0.0148308 0.00581 0.00414102 0.00319875 
188 0.432481 0.349867 0.0831528 0.0560423 0.0285228 0.0191368 0.013771 0.00787244 0.00497087 0.0041826 
189 0.67759 0.237197 0.0321696 0.0194233 0.0131609 0.00866407 0.00516417 0.00248276 0.00225315 0.00189495 
190 0.659215 0.324746 0.00570656 0.00373762 0.00251188 0.00180365 0.00121086 0.000464554 0.000278892 0.000325166 
191 0.296613 0.450914 0.108124 0.0522911 0.0312943 0.028066 0.0107883 0.0106029 0.00642851 0.0048774 
192 0.357414 0.424938 0.0931249 0.0427784 0.0266957 0.0207089 0.0182014 0.00713046 0.00508216 0.00392574 
193 0.400522 0.337189 0.109269 0.0487136 0.0324125 0.0368976 0.015649 0.00894595 0.00564871 0.00475296 
194 0.453137 0.274803 0.110908 0.0597053 0.0348395 0.0185133 0.0257527 0.00865275 0.00798652 0.00570174 
195 0.648899 0.34808 0.0012358 0.000738965 0.000486369 0.000111857 0.00033557 0.000111854 0 0 
196 0.777726 0.118197 0.01154 0.0505529 0.00495095 0.0325405 0.00238662 0.000915642 0.000549701 0.000640906 
197 0.6658 0.33118 0.00123582 0.000738965 0.000486369 0.000111857 0.00033557 0.000111854 0 0 
198 0.386341 0.430244 0.0811753 0.0361247 0.0240361 0.0161265 0.0116048 0.00663408 0.00418893 0.00352466 
199 0.356397 0.332801 0.0714944 0.0924822 0.0507683 0.0386302 0.0245662 0.0179276 0.0107726 0.0041604 
200 0.76122 0.155249 0.0104877 0.0474097 0.00461642 0.00331481 0.0157389 0.000853774 0.000512559 0.000597602 
201 0.813078 0.138721 0.011759 0.0228533 0.005176 0.0037166 0.0024951 0.000957262 0.000574687 0.000670038 
202 0.815572 0.169689 0.00524387 0.00343457 0.00230821 0.0016574 0.00111268 0.000426887 0.000256279 0.000298801 
203 0.699646 0.192276 0.0640971 0.0134484 0.0113052 0.00734361 0.00448245 0.00322998 0.00244493 0.00172661 
204 0.426586 0.322343 0.0902109 0.0610867 0.0311267 0.0351713 0.0149685 0.008557 0.00540312 0.0045463 
205 0.726049 0.186363 0.0474732 0.0122661 0.0103113 0.00669802 0.00408839 0.00294603 0.00222999 0.00157482 
206 0.722477 0.133296 0.124706 0.00596908 0.0050178 0.00325946 0.00198954 0.00143363 0.00108518 0.000766358 
207 0.73957 0.230124 0.0164261 0.00424416 0.00356779 0.00231757 0.00141461 0.00101935 0.000771594 0.000544901 
208 0.557649 0.285324 0.0672614 0.0328702 0.0222722 0.0146623 0.00873936 0.00420159 0.00381303 0.00320683 
209 0.31047 0.269449 0.245003 0.0648645 0.0378503 0.0201132 0.0279782 0.00940052 0.00867671 0.00619448 
210 0.3016 0.339721 0.132092 0.0784183 0.0457593 0.024316 0.0339025 0.0262119 0.01049 0.00748885 
211 0.391313 0.403954 0.0889795 0.0397658 0.0248157 0.0192505 0.0169196 0.00662831 0.00472426 0.00364928 
212 0.40947 0.34689 0.0929036 0.0479865 0.0319285 0.0214218 0.0303407 0.00881243 0.00556441 0.00468202 
213 0.378933 0.355748 0.118959 0.0447387 0.0345443 0.030982 0.0119092 0.0117045 0.00709641 0.00538414 
214 0.440405 0.379313 0.0732299 0.0378247 0.0251672 0.0168854 0.0121509 0.00694627 0.00438606 0.00369053 
215 0.46468 0.29455 0.114144 0.0387068 0.0298866 0.0268046 0.0103035 0.0101264 0.00613959 0.00465819 
216 0.520625 0.315273 0.0626272 0.0371576 0.0251773 0.0165747 0.00987928 0.00474962 0.00431038 0.00362512 
217 0.460681 0.159616 0.333198 0.0111684 0.0193775 0.00609524 0.00372043 0.00268088 0.00202929 0.00143309 
218 0.35208 0.413572 0.111684 0.0421399 0.0262972 0.0203998 0.0179298 0.00702404 0.0050063 0.00386715 
219 0.632129 0.229392 0.0600008 0.0185502 0.0376493 0.00857917 0.00516727 0.00372345 0.00281846 0.0019904 
220 0.367006 0.403669 0.10666 0.0421399 0.0262972 0.0203998 0.0179298 0.00702404 0.0050063 0.00386715 
221 0.925579 0.0708148 0.00188959 0.000714167 0.000366063 0.000131257 0.000309797 7.24813e-05 4.99054e-05 7.3434e-05 
222 0.358481 0.349669 0.11657 0.0492126 0.0380011 0.0483635 0.0131002 0.0128749 0.00780605 0.00592256 
223 0.865982 0.0996862 0.0100489 0.00379807 0.00194679 0.00589178 0.0116053 0.000385469 0.000265406 0.000390536 
224 0.841948 0.155353 0.0011044 0.000660352 0.000434627 9.99573e-05 0.000299871 9.99545e-05 0 0 
225 0.410926 0.395101 0.0787916 0.0406974 0.0270786 0.0181679 0.0130738 0.00747383 0.00471918 0.00397082 
226 0.353443 0.423473 0.103975 0.0409185 0.025535 0.0198085 0.0174101 0.00682044 0.00486119 0.00375506 
227 0.376314 0.383028 0.090386 0.0562253 0.0406172 0.0200998 0.0176661 0.00692074 0.00493268 0.00381028 
228 0.336547 0.393534 0.110573 0.0452665 0.0470034 0.0309821 0.0119092 0.0117045 0.00709641 0.00538414 
229 0.386412 0.359742 0.125686 0.045283 0.0301297 0.0202149 0.0145469 0.00831596 0.00525092 0.00441824 
230 0.29814 0.483547 0.0916873 0.0387065 0.0298866 0.0268046 0.0103035 0.0101264 0.00613959 0.00465819 
231 0.552501 0.296556 0.064502 0.0316528 0.0214473 0.0141192 0.00841568 0.00404597 0.00367181 0.00308806 
232 0.496256 0.303015 0.0643392 0.053996 0.0263239 0.0324796 0.0103283 0.00496551 0.00450631 0.00378989 
233 0.511078 0.318497 0.0643392 0.0388466 0.0263217 0.0173281 0.0103283 0.00496551 0.00450631 0.00378989 
234 0.415675 0.352145 0.0943112 0.0487136 0.0324123 0.0217464 0.0156489 0.00894595 0.00564871 0.00475296 
235 0.307231 0.464475 0.0899214 0.053966 0.0263752 0.0320882 0.0133572 0.00482594 0.00363848 0.00412143 
236 0.346197 0.338914 0.134454 0.05066 0.0538222 0.0350825 0.0134854 0.0132536 0.00803564 0.00609675 
237 0.202828 0.309275 0.169187 0.0811167 0.078113 0.073967 0.0372292 0.0186401 0.0124997 0.0171452 
238 0.362913 0.400706 0.109942 0.0434365 0.0271064 0.0210275 0.0184815 0.00724016 0.00516034 0.00398614 
239 0.32763 0.47286 0.0853645 0.0392135 0.024471 0.0189831 0.0166847 0.00653625 0.00465864 0.0035986 
240 0.73622 0.187653 0.0334338 0.0156334 0.0105929 0.00697352 0.00415653 0.00199832 0.00181351 0.0015252 
241 0.600988 0.387407 0.00413006 0.00270381 0.0018171 0.00130476 0.000875941 0.00033606 0.000201752 0.000235226 
242 0.346881 0.346983 0.130855 0.0634983 0.0379987 0.0340802 0.0131001 0.0128749 0.00780605 0.00592256 
243 0.534215 0.331879 0.0505523 0.0305223 0.0206814 0.013615 0.00811512 0.00390148 0.00354067 0.00297777 
244 0.556705 0.29332 0.0566185 0.034185 0.0231631 0.0152488 0.00908894 0.00436965 0.00396555 0.00333511 
245 0.326576 0.320092 0.144783 0.0772651 0.0450864 0.0239584 0.033327 0.0111977 0.0103355 0.00737872 
246 0.921466 0.0698774 0.00307973 0.00201713 0.00135562 0.000973396 0.000653479 0.000250711 0.000150513 0.000175486 
247 0.364877 0.343273 0.130855 0.0492126 0.0379987 0.0340802 0.0131001 0.0128749 0.00780605 0.00592256 
248 0.35208 0.418596 0.10666 0.0421399 0.0262972 0.0203998 0.0179298 0.00702403 0.0050063 0.00386715 
249 0.86392 0.101219 0.0102035 0.0038565 0.00197674 0.000708833 0.0170575 0.000391399 0.000269489 0.000396544 
250 0.197474 0.329173 0.164156 0.0786953 0.0757812 0.071759 0.0361178 0.0180837 0.0121266 0.0166334 
251 0.832082 0.14503 0.0127779 0.00365695 0.00245766 0.00176472 0.00118473 0.000454527 0.000272873 0.000318148 
252 0.656185 0.258111 0.0464523 0.0120023 0.0100896 0.00655398 0.00400046 0.00288267 0.00218204 0.00154096 
253 0.35332 0.35483 0.11657 0.0492132 0.0522838 0.0340802 0.0131001 0.0128749 0.00780605 0.00592256 
254 0.400522 0.352146 0.109463 0.0487136 0.0324123 0.0217464 0.0156489 0.00894595 0.00564871 0.00475296 
255 0.631856 0.230137 0.081847 0.0171725 0.0144358 0.00937723 0.00572374 0.00412444 0.00312199 0.00220475 
256 0.455946 0.411723 0.0499575 0.0301633 0.0204381 0.0134548 0.00801965 0.00385558 0.00349902 0.00294274 
257 0.721626 0.201678 0.0415948 0.0107328 0.00902239 0.00586077 0.00357734 0.00257777 0.00195124 0.00137797 
258 0.388742 0.371201 0.106243 0.0472808 0.031459 0.0211068 0.0151887 0.00868283 0.00548258 0.00461316 
259 0.441842 0.348668 0.0998592 0.0387361 0.0257736 0.0172923 0.0124437 0.00711365 0.00449175 0.00377946 
260 0.405431 0.31558 0.165247 0.0401887 0.0267401 0.0179408 0.0129104 0.00738041 0.00466019 0.00392119 
261 0.480431 0.328021 0.0778067 0.0401887 0.0267401 0.0179408 0.0129104 0.00738041 0.00466019 0.00392119 
262 0.415674 0.336995 0.109463 0.0487136 0.0324123 0.0217464 0.0156489 0.00894595 0.00564871 0.00475296 
263 0.306126 0.329835 0.134019 0.094758 0.0464526 0.0246844 0.0343369 0.011537 0.0106487 0.00760231 
264 0.295495 0.334866 0.136081 0.0808312 0.0471673 0.0250642 0.0492166 0.0127477 0.0108125 0.00771927 
265 0.325978 0.349339 0.133044 0.0710004 0.0414307 0.0220158 0.0306248 0.0102898 0.00949748 0.00678044 
266 0.815642 0.144647 0.0221462 0.00635396 0.00427019 0.0030662 0.00205846 0.000789741 0.000474117 0.000552782 
267 0.394014 0.400775 0.0878035 0.0403339 0.0251702 0.0195255 0.0171614 0.006723 0.00479175 0.00370142 
268 0.690469 0.217916 0.0496559 0.0128301 0.0107854 0.00700598 0.00427636 0.00308147 0.00233252 0.00164723 
269 0.412095 0.365814 0.0902156 0.0465956 0.0310031 0.0208009 0.0149685 0.008557 0.00540312 0.0045463 
270 0.349549 0.408066 0.0931079 0.0553055 0.0322723 0.0171492 0.0238551 0.00801518 0.00739804 0.00528161 
271 0.711121 0.218439 0.02668 0.0160242 0.0108577 0.00714786 0.00426044 0.00204827 0.00185885 0.00156333 
272 0.88609 0.0982167 0.00558343 0.00365695 0.00245766 0.00176472 0.00118473 0.000454527 0.000272873 0.000318148 
273 0.295495 0.334866 0.136081 0.0808312 0.0471673 0.0250642 0.0491177 0.0128465 0.0108125 0.00771927 
274 0.403006 0.400534 0.0798018 0.0412192 0.0274258 0.0184008 0.0132414 0.00756965 0.00477968 0.00402173 
275 0.798698 0.126211 0.0112477 0.00736692 0.0194437 0.00355502 0.0313714 0.000916337 0.000549701 0.000640906 
276 0.332288 0.473593 0.0830576 0.0381537 0.0238096 0.0184701 0.0162337 0.0063596 0.00453274 0.00350134 
277 0.367005 0.418596 0.091735 0.0421399 0.0262972 0.0203998 0.0179298 0.00702403 0.0050063 0.00386715 
278 0.865983 0.114835 0.0100497 0.00379807 0.00194679 0.000698048 0.00164756 0.000385469 0.000265406 0.000390535 
279 0.362913 0.400707 0.10994 0.0434378 0.0271064 0.0210275 0.0184815 0.00724016 0.00516034 0.00398614 
280 0.331406 0.354294 0.125536 0.0529982 0.0563063 0.0367017 0.0141078 0.0138653 0.00840652 0.00637814 
281 0.341536 0.348926 0.123636 0.0673454 0.0403017 0.0361456 0.0138941 0.0136552 0.00827914 0.0062815 
282 0.34528 0.298193 0.148563 0.071973 0.0419983 0.0223319 0.0447272 0.010432 0.00962758 0.00687332 
283 0.59034 0.291627 0.0700007 0.014687 0.0123464 0.00802 0.0048953 0.00352748 0.00267012 0.00188564 
284 0.28131 0.336885 0.144419 0.0866727 0.0575115 0.0515357 0.0214525 0.00775075 0.00584362 0.00661927 
285 0.511072 0.308809 0.0624469 0.0524099 0.0255476 0.0168185 0.0100246 0.00481947 0.00437377 0.00367843 
286 0.286869 0.335188 0.0895555 0.128978 0.0551199 0.0419413 0.0266719 0.0194643 0.011696 0.00451701 
287 0.676861 0.189039 0.0993342 0.0106307 0.00893646 0.00580495 0.00354327 0.00255322 0.00193266 0.00136485 
288 0.902338 0.0787259 0.010572 0.00302569 0.00203342 0.00146009 0.000980219 0.000376067 0.00022577 0.000263229 
289 0.481985 0.368842 0.069381 0.0274114 0.017106 0.0132698 0.0116631 0.00456903 0.00325653 0.00251553 
290 0.336435 0.373572 0.121789 0.0514162 0.0397002 0.0356062 0.0136867 0.0134514 0.00815557 0.00618774 
291 0.487904 0.375279 0.0585459 0.0268893 0.0167801 0.013017 0.0114409 0.004482 0.0031945 0.00246761 
292 0.321513 0.373569 0.136715 0.0514162 0.0397002 0.0356062 0.0136867 0.0134514 0.00815557 0.00618774 
293 0.523154 0.292839 0.0728715 0.0356094 0.0380171 0.0158841 0.00946764 0.00455172 0.00413078 0.00347407 
294 0.631855 0.230137 0.0664624 0.0171725 0.0144358 0.00937723 0.00572374 0.00412462 0.0185064 0.00220475 
295 0.357414 0.394635 0.0931249 0.0427784 0.0569987 0.0207089 0.0182014 0.00713046 0.00508216 0.00392574 
296 0.360415 0.437265 0.0865669 0.0397658 0.0248157 0.0192505 0.0169196 0.00662831 0.00472426 0.00364928 
297 0.37269 0.298179 0.121701 0.0851134 0.0420233 0.0223174 0.0310443 0.0104307 0.00962758 0.00687332 
298 0.361608 0.384445 0.133085 0.0415222 0.0259105 0.0200998 0.0176661 0.00692074 0.00493268 0.00381028 
299 0.609721 0.259245 0.0777605 0.0165459 0.013599 0.00883362 0.00539193 0.00388534 0.002941 0.00207694 
300 0.415674 0.336995 0.0943112 0.0638651 0.0324123 0.0217464 0.0156489 0.00894595 0.00564871 0.00475296 
301 0.362913 0.400706 0.0945576 0.0434365 0.042491 0.0210275 0.0184815 0.00724016 0.00516034 0.00398614 
302 0.391921 0.374881 0.0889222 0.0602155 0.0305602 0.0205037 0.0147547 0.00843475 0.00532593 0.00448136 
303 0.349867 0.5005 0.0640236 0.0294101 0.0183533 0.0142373 0.0125135 0.00490219 0.00349398 0.00269895 
304 0.33684 0.398427 0.152143 0.0386834 0.0241358 0.0187231 0.0164561 0.00644672 0.00459483 0.0035493 
305 0.414235 0.47441 0.0476465 0.0218866 0.0136582 0.0105952 0.00931237 0.00364814 0.00260017 0.00200852 
306 0.336438 0.344808 0.15055 0.0514162 0.0397002 0.0356062 0.0136867 0.0134514 0.00815557 0.00618774 
307 0.270209 0.382181 0.078171 0.0753073 0.0725875 0.0352496 0.0430852 0.0300436 0.00875156 0.00441536 
308 0.406684 0.342179 0.0957622 0.0495079 0.0482507 0.0220809 0.0158897 0.00908358 0.00573562 0.00482608 
309 0.525772 0.294109 0.0624469 0.0377041 0.0255476 0.0168185 0.0247294 0.00482043 0.00437377 0.00367843 
310 0.332244 0.465435 0.0865674 0.0397658 0.0248157 0.0192505 0.0169196 0.00662831 0.00472426 0.00364928 
311 0.438301 0.341106 0.0841154 0.0569607 0.0289083 0.0193954 0.0139571 0.00797882 0.00503804 0.00423912 
312 0.838045 0.116508 0.011087 0.0215474 0.00488022 0.00350423 0.00235253 0.000902561 0.000541848 0.000631751 
313 0.386398 0.383671 0.0876869 0.0452831 0.0441936 0.0202356 0.0145469 0.00831596 0.00525092 0.00441824 
314 0.503891 0.307677 0.0653291 0.0394443 0.0267267 0.0329793 0.0104872 0.00504191 0.00457564 0.0038482 
315 0.545815 0.281676 0.0598083 0.0361109 0.0244681 0.0301924 0.00960099 0.00461583 0.00418896 0.003523 
316 0.424395 0.34689 0.0929036 0.0479865 0.0319285 0.0214218 0.0154154 0.00881243 0.00556441 0.00468202 
317 0.845777 0.126957 0.00970115 0.00635396 0.00427019 0.0030662 0.00205846 0.000789741 0.000474117 0.000552782 
318 0.510175 0.337824 0.0573836 0.034647 0.0234761 0.0154548 0.00921176 0.0044287 0.00401914 0.00338018 
319 0.643626 0.232638 0.0530117 0.0258977 0.0175478 0.0115521 0.00688556 0.00331034 0.00300421 0.0025266 
320 0.754599 0.168017 0.0419425 0.010837 0.00910999 0.00591767 0.00361207 0.0026028 0.00197019 0.00139135 
321 0.825697 0.145218 0.0103479 0.00677756 0.00455487 0.00327061 0.00219569 0.000842391 0.000505725 0.000589634 
322 0.555232 0.298688 0.0551479 0.0332971 0.0225615 0.0148527 0.00885286 0.00425615 0.00386255 0.00324848 
323 0.357618 0.428813 0.0897266 0.0378558 0.0292298 0.0262155 0.010077 0.0099038 0.00600465 0.00455581 
324 0.291018 0.344943 0.134019 0.0796065 0.0464526 0.0246844 0.0345813 0.0264442 0.0106487 0.00760231 
325 0.336426 0.34373 0.133848 0.0691909 0.0397172 0.0356062 0.0136867 0.0134514 0.00815557 0.00618774 
326 0.38634 0.47448 0.0596157 0.029135 0.0197413 0.0129961 0.00774625 0.00372414 0.00337973 0.00284242 
327 0.406684 0.342179 0.0957622 0.049463 0.0329109 0.0374655 0.0158897 0.00908358 0.00573562 0.00482608 
328 0.388742 0.371201 0.0915374 0.0619867 0.031459 0.0211068 0.0151887 0.00868284 0.00548258 0.00461316 
329 0.274032 0.355422 0.0949797 0.106495 0.0584605 0.0444832 0.0282883 0.0206439 0.0124048 0.00479076 
330 0.362913 0.400706 0.109942 0.0434365 0.0271064 0.0210275 0.0184815 0.00724016 0.00516034 0.00398614 
331 0.648097 0.219984 0.0635306 0.0311199 0.0137995 0.00896353 0.00547122 0.00394247 0.00298425 0.00210748 
332 0.865982 0.0996856 0.0252004 0.00379807 0.00194679 0.000698048 0.00164756 0.000385469 0.000265406 0.000390536 
333 0.266159 0.367188 0.144419 0.0866727 0.0423601 0.0515357 0.0214525 0.00775075 0.00584362 0.00661927 
334 0.357414 0.409786 0.108276 0.0427784 0.0266957 0.0207089 0.0182014 0.00713046 0.00508216 0.00392574 
335 0.598076 0.399166 0.00112842 0.000674707 0.000444076 0.00010213 0.00030639 0.000102127 0 0 
336 0.852767 0.105917 0.0100791 0.0195885 0.00443656 0.00318566 0.00213866 0.00082051 0.000492589 0.000574319 
337 0.331406 0.354294 0.125536 0.0529982 0.0563063 0.0367018 0.0141078 0.0138653 0.00840652 0.00637814 
338 0.277111 0.346782 0.157189 0.085379 0.0417279 0.0507665 0.0211323 0.00763507 0.0057564 0.00652047 
339 0.336991 0.45201 0.0935918 0.0403339 0.0251702 0.0195255 0.0171614 0.00672301 0.00479175 0.00370142 
340 0.489172 0.318827 0.0905261 0.0371576 0.0251773 0.0165747 0.00987928 0.00474962 0.00431038 0.00362512 
341 0.310796 0.296324 0.0472866 0.159348 0.0490029 0.0482659 0.0603667 0.0286094 0 0 
342 0.570816 0.313249 0.0734888 0.0129793 0.0109108 0.00708744 0.00432608 0.00311731 0.00235964 0.00166638 
343 0.682781 0.241729 0.0284994 0.0172072 0.0116593 0.00767555 0.00457497 0.00219949 0.00199608 0.00167875 
344 0.295495 0.334866 0.136081 0.0814206 0.0619605 0.0250661 0.0348652 0.0117145 0.0108125 0.00771927 
345 0.830733 0.121785 0.0115835 0.00758682 0.00509873 0.00366168 0.0173827 0.000942975 0.00056611 0.000660038 
346 0.595175 0.393622 0.00586931 0.00221834 0.00113706 0.00040771 0.000962289 0.000225141 0.000155016 0.0002281 
347 0.503774 0.298493 0.0783043 0.0531922 0.0259289 0.0170695 0.0101742 0.0048914 0.00443905 0.00373333 
348 0.39102 0.383028 0.090386 0.0415202 0.0259105 0.0200998 0.0176661 0.00692074 0.0196386 0.00381028 
349 0.638691 0.231302 0.0626096 0.0162312 0.0280358 0.00883537 0.00539193 0.00388534 0.002941 0.00207694 
350 0.357415 0.424918 0.0931445 0.0427784 0.0266957 0.0207089 0.0182014 0.00713046 0.00508216 0.00392574 
351 0.362913 0.400706 0.0945576 0.0434365 0.0271064 0.0210275 0.0184815 0.00724016 0.00516089 0.0193702 
352 0.362913 0.416091 0.0945576 0.0434365 0.0271064 0.0210275 0.0184815 0.00724016 0.00516035 0.00398614 
353 0.635558 0.274451 0.0534865 0.0111622 0.00938328 0.0060952 0.00372043 0.00268088 0.00202929 0.00143309 
354 0.811014 0.164741 0.00863112 0.00564796 0.00379572 0.00272551 0.00182974 0.000701992 0.000421437 0.000491361 
355 0.266159 0.352036 0.144419 0.0866727 0.0575116 0.0515357 0.0214525 0.00775075 0.00584362 0.00661927 
356 0.316198 0.32628 0.154932 0.0750575 0.0437982 0.0232739 0.0323748 0.0108777 0.0100402 0.0071679 
357 0.503891 0.309889 0.0785015 0.0394443 0.0267267 0.0175947 0.0104872 0.00504191 0.00457564 0.0038482 
358 0.362913 0.400706 0.0945576 0.0434365 0.0271064 0.0210275 0.0184815 0.00724019 0.0205446 0.00398646 
359 0.383108 0.322343 0.119196 0.0900738 0.0310031 0.0208009 0.0149685 0.008557 0.00540312 0.0045463 
360 0.346192 0.338667 0.119998 0.0559127 0.0462582 0.0520997 0.0134854 0.0132536 0.00803564 0.00609675 
361 0.381931 0.388745 0.091735 0.0421868 0.0411757 0.0203998 0.0179298 0.00702404 0.0050063 0.00386715 
362 0.273036 0.342505 0.16876 0.0841235 0.0411142 0.0500199 0.0208216 0.00752279 0.00567174 0.00642458 
363 0.631856 0.245522 0.0664625 0.0171725 0.0144358 0.00937723 0.00572374 0.00412444 0.00312199 0.00220475 
364 0.361608 0.412441 0.105091 0.0415204 0.0259105 0.0200998 0.0176661 0.00692074 0.00493268 0.00381028 
365 0.857599 0.13988 0.0010318 0.00061662 0.000405844 9.33377e-05 0.000280012 9.3335e-05 0 0 
366 0.644561 0.240836 0.0726444 0.0128301 0.0107854 0.00700598 0.00427636 0.00308147 0.00233252 0.00164723 
367 0.556705 0.266654 0.0566215 0.0608487 0.0231631 0.0152488 0.00908894 0.00436965 0.00396555 0.00333511 
368 0.451899 0.385943 0.0622905 0.0370002 0.0215907 0.011473 0.0159594 0.00536227 0.00494939 0.00353347 
369 0.387402 0.393336 0.128885 0.0374841 0.0172737 0.0133999 0.0117774 0.00461383 0.00328846 0.00254019 
370 0.685111 0.196856 0.0568429 0.014687 0.0255043 0.00802 0.0048953 0.00352748 0.00267012 0.00188564 
371 0.496256 0.31784 0.0646661 0.0388466 0.0263217 0.0173282 0.0254779 0.00496747 0.00450631 0.00378989 
372 0.392506 0.561948 0.0246861 0.00637837 0.00536188 0.00348297 0.00212596 0.00153193 0.0011596 0.000818908 
373 0.406684 0.342179 0.0957693 0.0648405 0.0329109 0.0220809 0.0158897 0.00908358 0.00573562 0.00482608 
374 0.301599 0.32487 0.146944 0.0784183 0.0606846 0.024316 0.0338244 0.0113648 0.0104898 0.00748885 
375 0.454345 0.341921 0.101003 0.0352922 0.0220239 0.0170848 0.0150162 0.00588263 0.00419278 0.00323874 
376 0.764762 0.177896 0.0310798 0.00803033 0.00675057 0.00438504 0.00267657 0.00192869 0.00145992 0.001031 
377 0.830763 0.121754 0.0115835 0.00758682 0.0200241 0.00366113 0.00245786 0.000942975 0.00056611 0.000660038 
